,Player,Season,Born ,Age,Squad,Nation,Previous Market Value,Market Value,Position,App,Minutes,Goals,Passes,Assists,Yellow,Red,SubOn,SubOff,Shots,SOT,HitPost ,HeadClear,HeadGoal,PKScored,FKGoal,Offsides,ThrBall,Misses,Corners,Crosses,Blocks,Interceptions,Fouls,Last man ,Tackles,ELG,OwnGoal,Clears,ABW,ABL
591,Isaac Hayden,3,1995,22,Newcastle United,England,3600000,6300000,1,26,1372,1,527,0,7,0,11,7,14,9,0,20,0,0,0,0,0,5,0,17,6,23,30,0,40,0,0,40,51,45
183,Ben Gibson,2,1993,23,Middlesbrough,England,2200000,8800000,1,38,3420,1,1682,1,4,0,0,0,15,6,0,119,1,0,0,1,0,0,0,0,31,57,19,2,31,0,0,234,61,67
184,Ben Mee,2,1989,26,Burnley,England,3150000,5400000,1,34,3015,0,1146,0,5,0,0,1,16,6,0,176,0,0,0,0,0,0,0,4,46,72,23,2,47,1,2,300,126,77
206,Branislav Ivanovic,2,1984,32,Chelsea,Serbia,9000000,4500000,1,13,584,0,329,0,2,0,7,0,7,2,0,15,0,0,0,2,1,0,0,23,2,11,8,0,11,0,0,24,19,12
212,Bruno Martins Indi,2,1992,24,Stoke City,Netherlands,9000000,9900000,1,35,3147,0,1115,0,5,0,0,1,18,7,0,107,0,0,0,2,0,1,0,3,20,58,25,0,61,0,0,210,58,64
211,Bruno Martins Indi,3,1992,25,Stoke City,Netherlands,9900000,9000000,1,17,1246,0,351,0,3,0,3,4,1,1,0,39,0,0,0,0,0,0,0,4,11,21,12,1,21,1,0,76,25,21
210,Bruno Ecuele Manga,4,1988,30,Cardiff City,Gabon,2700000,2700000,1,38,3375,0,957,1,0,0,1,0,10,4,0,89,0,0,0,1,2,6,0,20,28,81,15,0,69,2,0,171,87,62
209,Bruno,4,1980,38,Brighton and Hove Albion,Spain,750000,100000,1,14,1136,0,510,1,2,0,0,5,2,0,0,12,0,0,0,3,0,2,1,17,2,11,4,0,25,1,0,26,8,16
208,Bruno,3,1980,37,Brighton and Hove Albion,Spain,500000,750000,1,25,2017,0,973,0,3,0,2,4,1,1,0,31,0,0,0,0,0,0,0,41,11,38,19,0,30,0,0,60,28,22
207,Brendan Galloway,1,1996,19,Everton,England,1350000,2700000,1,15,1223,0,396,1,2,0,1,4,8,0,0,9,0,0,0,0,0,0,0,13,5,21,9,0,50,0,0,30,7,12
205,Branislav Ivanovic,1,1984,31,Chelsea,Serbia,15300000,9000000,1,33,2918,2,1301,0,5,0,0,2,28,7,0,54,2,0,0,1,0,3,0,74,18,60,32,0,66,2,0,87,81,41
185,Ben Mee,3,1989,28,Burnley,England,5400000,9000000,1,29,2610,0,1071,0,5,0,0,0,25,8,0,138,0,0,0,3,0,17,0,3,42,33,14,2,33,1,0,208,117,78
201,Billy Jones,2,1987,29,Sunderland,England,1350000,1350000,1,27,2270,1,701,0,8,0,2,3,15,4,0,64,1,0,0,0,0,0,0,42,16,46,25,0,55,0,0,94,95,64
200,Billy Jones,1,1987,28,Sunderland,England,1800000,1350000,1,24,2033,1,569,1,8,0,1,2,14,4,1,40,0,0,0,3,1,3,0,41,17,30,32,0,76,1,0,64,61,35
196,Bernardo Espinosa,2,1989,27,Middlesbrough,Colombia,2750000,2750000,1,11,975,0,526,0,2,0,1,1,2,1,0,39,0,0,0,1,0,0,0,0,7,17,17,0,22,0,0,68,27,35
195,Bernardo,4,1995,23,Brighton and Hove Albion,Brazil,5400000,8100000,1,22,1750,0,785,1,4,0,3,1,8,3,0,37,0,0,0,2,0,5,0,31,14,34,17,0,62,0,0,66,44,30
191,Benjamin Mendy,4,1994,24,Manchester City,France,36000000,31500000,1,10,900,0,650,5,1,0,0,0,7,3,0,11,0,0,0,0,2,4,0,51,4,10,12,0,16,0,0,16,8,22
186,Ben Mee,4,1989,28,Burnley,England,9000000,9000000,1,38,3420,0,1502,2,9,0,0,0,21,4,1,127,0,0,0,0,1,17,0,4,50,48,27,1,54,1,2,232,149,105
340,Danny Rose,2,1990,26,Tottenham,England,12600000,25200000,1,18,1533,2,783,2,8,0,0,3,23,5,0,25,0,0,0,1,0,0,7,65,3,22,26,0,50,0,0,52,27,16
1108,Papy Djilobodji,2,1988,27,Sunderland,Senegal,4950000,5500000,1,18,1577,0,694,0,4,1,1,0,8,2,1,83,0,0,0,2,0,0,0,5,23,54,23,0,24,1,0,163,56,36
342,Danny Rose,4,1990,28,Tottenham,England,27000000,22500000,1,26,1798,0,929,3,5,0,6,6,15,2,1,12,0,0,0,1,2,13,17,89,4,24,26,0,49,1,0,20,27,17
833,Kolo Touré,1,1981,34,Liverpool,Cote D'Ivoire,1800000,1500000,1,14,859,1,465,0,1,0,5,3,4,2,0,13,0,0,0,0,0,0,0,0,3,25,2,1,22,0,0,45,9,14
841,Kyle Walker,3,1990,27,Manchester City,England,27000000,45000000,1,32,2787,0,2362,6,2,1,0,2,13,1,0,40,0,0,0,2,0,12,0,56,2,29,17,0,47,0,1,67,70,33
840,Kyle Walker,2,1990,26,Tottenham,England,13500000,27000000,1,33,2704,0,1464,5,8,0,2,5,19,5,0,46,0,0,0,3,1,0,1,96,7,38,36,0,72,0,0,94,60,28
839,Kyle Naughton,3,1988,29,Swansea City,England,4500000,4500000,1,34,3033,0,1638,2,1,0,0,3,12,1,0,47,0,0,0,0,0,11,0,62,13,60,31,1,92,0,1,102,69,68
838,Kyle Naughton,1,1988,26,Swansea City,England,4950000,4500000,1,27,1763,0,1081,3,2,0,8,1,8,2,0,27,0,0,0,0,0,0,1,64,0,48,23,0,40,0,0,65,31,28
837,Kyle Naughton,2,1988,27,Swansea City,England,4500000,4500000,1,31,2718,0,1392,0,5,0,0,4,20,5,0,54,0,0,0,0,0,0,0,79,15,41,25,0,76,0,0,115,65,38
836,Kurt Zouma,4,1994,23,Everton,France,13500000,22500000,1,32,2612,2,1442,2,3,0,3,0,19,3,0,63,2,0,0,2,0,16,0,2,12,54,20,0,32,0,0,120,98,52
835,Kurt Zouma,1,1994,20,Chelsea,France,10800000,15300000,1,23,1918,0,736,0,0,0,2,0,17,2,1,68,0,0,0,2,0,0,0,4,10,36,9,0,30,0,0,123,67,28
834,Kurt Zouma,3,1994,23,Stoke City,France,13500000,13500000,1,34,2888,1,1021,0,1,0,2,1,20,8,0,136,1,0,0,0,0,12,0,11,23,61,19,2,50,0,0,231,109,31
182,Ben Davies,3,1993,24,Tottenham,Wales,10800000,22500000,1,29,2325,2,1304,6,3,0,3,2,18,6,0,33,0,0,0,0,0,12,49,149,5,28,24,0,47,0,0,62,45,50
832,Kiko Femenía,3,1991,26,Watford,Spain,4400000,5500000,1,23,1714,1,794,1,2,0,4,6,9,3,0,14,0,0,0,2,1,6,1,60,2,34,7,0,36,0,0,30,10,16
162,Ashley Young,4,1985,33,Manchester United,England,6300000,4500000,1,30,2569,2,1376,2,8,0,2,0,12,3,0,19,0,0,0,4,2,9,102,197,10,55,37,0,52,0,0,58,23,12
164,Ashley Young,2,1985,31,Manchester United,England,9000000,4500000,1,12,756,0,429,1,2,0,4,3,5,0,0,6,0,0,0,0,1,0,8,38,2,16,9,0,18,0,0,25,3,5
269,Chris Smalling,2,1989,26,Manchester United,England,18000000,16200000,1,18,1215,1,464,1,0,0,5,1,7,1,0,77,1,0,0,1,0,0,0,0,9,13,8,0,12,2,0,126,48,18
268,Chris Mepham,4,1997,20,AFC Bournemouth,Wales,7200000,11700000,1,13,850,0,405,1,1,0,3,2,2,0,0,25,0,0,0,0,0,2,0,1,5,14,7,0,9,1,0,57,31,19
267,Chris Löwe,4,1989,29,Huddersfield Town,Germany,1350000,1800000,1,29,2056,0,840,2,0,0,6,6,18,6,1,14,0,0,0,2,0,12,34,140,3,22,14,0,34,0,0,53,26,33
266,Chris Löwe,3,1989,28,Huddersfield Town,Germany,1350000,1350000,1,23,1594,0,619,0,1,0,4,9,2,2,0,20,0,0,0,0,0,0,15,73,8,34,13,0,43,1,0,55,12,12
1191,Robert Huth,1,1984,30,Leicester City,Germany,4500000,5400000,1,35,3150,3,810,0,8,0,0,0,28,6,0,132,2,0,0,3,0,4,0,0,34,76,35,0,41,0,0,258,116,67
255,Charlie Taylor,4,1993,24,Burnley,England,4500000,6300000,1,38,3240,0,1175,0,2,0,3,0,6,0,0,47,0,0,0,1,0,6,4,119,35,40,15,2,54,0,0,83,72,61
1401,Vincent Kompany,4,1986,32,Manchester City,Belgium,9000000,7200000,1,17,1223,1,1227,0,6,0,4,3,5,1,0,38,0,0,0,1,0,4,0,0,8,16,17,0,16,0,0,55,36,17
254,Charlie Taylor,3,1993,24,Burnley,England,4500000,4500000,1,11,949,0,326,0,3,0,1,0,0,0,0,20,0,0,0,0,0,0,0,26,5,15,7,0,16,0,0,39,23,12
253,Charlie Daniels,2,1986,29,AFC Bournemouth,England,2250000,2700000,1,34,3060,4,1616,3,1,0,0,0,19,6,1,39,0,0,0,0,3,0,12,86,14,50,12,1,58,0,0,78,34,39
252,Charlie Daniels,3,1986,31,AFC Bournemouth,England,2700000,3150000,1,35,3004,1,1568,3,0,0,1,4,20,6,0,39,0,0,0,0,2,14,14,106,7,31,7,0,48,0,0,93,46,44
251,Charlie Daniels,4,1986,31,AFC Bournemouth,England,3150000,2700000,1,21,1585,1,840,0,4,0,4,2,12,3,0,21,1,0,0,0,1,9,2,27,4,20,7,0,25,2,0,43,29,25
250,Charlie Daniels,1,1986,28,AFC Bournemouth,England,900000,2250000,1,37,3285,3,1692,5,2,0,0,1,20,7,0,37,0,2,0,2,1,2,14,127,4,53,10,0,75,0,0,76,26,21
1400,Vincent Kompany,3,1986,31,Manchester City,Belgium,19800000,9000000,1,17,1396,1,1429,1,6,0,0,3,9,2,0,39,1,0,0,0,1,7,0,0,8,16,18,1,20,0,0,71,42,12
216,Cédric Soares,2,1991,24,Southampton,Portugal,9900000,13500000,1,30,2520,0,1256,3,7,0,0,5,20,6,0,39,0,0,0,2,1,0,0,144,7,33,22,0,83,0,0,76,27,52
214,Bryan Oviedo,1,1990,25,Everton,Costa Rica,2700000,2700000,1,14,998,0,432,1,0,0,2,4,5,3,0,14,0,0,0,0,1,1,15,42,4,20,17,0,41,0,0,34,3,14
161,Ashley Young,1,1985,30,Manchester United,England,9000000,9000000,1,18,1063,0,566,2,5,0,7,3,7,3,0,5,0,0,0,2,0,0,6,77,0,26,15,0,20,0,0,18,12,6
213,Bryan Oviedo,2,1990,26,Sunderland,Costa Rica,2700000,2250000,1,16,1056,0,398,0,3,0,0,3,3,1,0,9,0,0,0,1,0,0,0,21,5,19,14,0,31,0,0,28,8,3
181,Ben Davies,1,1993,22,Tottenham,Wales,7200000,7200000,1,17,1288,0,623,0,3,0,3,0,9,0,1,36,0,0,0,0,2,0,1,42,6,28,16,0,32,0,0,61,25,24
180,Ben Davies,2,1993,23,Tottenham,Wales,7200000,10800000,1,23,1735,1,1052,3,1,0,5,1,13,4,0,41,0,0,0,2,1,0,14,75,7,12,13,0,39,0,0,78,48,43
179,Ben Davies,4,1993,25,Tottenham,Wales,22500000,22500000,1,27,1839,0,1085,0,2,0,7,2,14,1,0,36,0,0,0,0,0,13,7,43,10,23,18,0,56,0,0,62,45,37
178,Ben Chilwell,3,1996,20,Leicester City,England,2250000,7200000,1,24,1852,0,901,2,1,1,4,3,1,1,0,33,0,0,0,4,0,0,1,84,4,28,13,0,36,1,0,62,67,61
177,Ben Chilwell,2,1996,19,Leicester City,England,2250000,2250000,1,12,696,1,301,0,2,0,5,0,7,2,0,8,0,0,0,1,2,0,0,18,3,23,7,0,23,0,0,16,27,18
176,Ben Chilwell,4,1996,21,Leicester City,England,7200000,31500000,1,36,3240,0,1684,4,4,0,0,0,22,10,0,81,0,0,0,2,3,12,4,132,7,38,32,1,55,0,0,129,111,72
170,Bacary Sagna,2,1983,33,Manchester City,France,6300000,3600000,1,17,1345,0,832,1,2,0,3,1,4,1,0,28,0,0,0,1,0,0,0,26,3,20,3,0,23,0,0,48,39,29
341,Danny Rose,3,1990,27,Tottenham,England,25200000,27000000,1,10,801,0,378,1,4,0,1,3,1,1,0,2,0,0,0,0,0,0,15,57,6,9,12,0,15,0,0,10,8,5
1417,Wes Morgan,4,1984,34,Leicester City,Jamaica,2700000,1800000,1,22,1926,3,892,0,1,2,1,0,14,5,0,67,2,0,0,3,0,9,0,0,10,32,18,0,27,0,0,104,91,43
1418,Wes Morgan,3,1984,33,Leicester City,Jamaica,2700000,2700000,1,32,2818,0,913,0,4,0,0,1,13,3,0,79,0,0,0,0,0,10,0,0,27,31,31,0,35,0,0,143,93,58
1419,Wes Morgan,1,1984,31,Leicester City,Jamaica,1350000,3150000,1,38,3420,2,818,0,3,0,0,0,21,6,0,123,2,0,0,0,2,5,0,0,40,95,27,0,51,1,0,216,93,64
165,Aymeric Laporte,4,1994,24,Manchester City,France,45000000,67500000,1,35,3057,3,2998,3,3,0,1,1,26,7,0,62,3,0,0,2,0,19,0,6,9,39,21,0,42,0,0,95,78,57
163,Ashley Young,3,1985,32,Manchester United,England,4500000,6300000,1,30,2445,2,1285,4,7,0,2,7,18,4,1,36,0,0,1,0,2,14,24,121,5,57,29,0,53,0,0,72,19,21
270,Chris Smalling,3,1989,28,Manchester United,England,16200000,16200000,1,29,2535,4,1137,0,4,0,1,0,13,6,0,89,2,0,0,2,0,7,0,0,28,63,24,0,40,0,0,159,108,52
814,Kevin Long,3,1990,27,Burnley,Ireland,550000,2750000,1,16,1440,1,541,2,1,0,0,0,10,2,1,76,1,0,0,0,0,8,0,2,14,19,15,0,32,1,1,127,80,58
829,Kieran Trippier,4,1990,27,Tottenham,England,18000000,31500000,1,27,2278,0,1542,3,2,0,0,3,8,3,0,30,0,0,1,6,3,5,73,185,5,23,20,0,67,2,1,61,31,28
1131,Per Mertesacker,1,1984,30,Arsenal,Germany,13500000,9000000,1,24,2049,0,1246,0,1,1,0,1,8,0,0,58,0,0,0,1,0,2,0,0,10,36,7,0,27,0,0,108,54,16
1286,Shane Duffy,4,1992,26,Brighton and Hove Albion,Ireland,10800000,10800000,1,35,3088,5,1305,1,4,1,0,0,37,16,1,170,3,0,0,4,0,21,0,2,47,36,22,0,35,0,0,243,187,71
746,Jordan Amavi,1,1994,21,Aston Villa,France,3600000,9000000,1,10,836,0,368,2,2,0,1,0,5,1,0,19,0,0,0,0,0,0,0,40,3,37,18,0,36,1,0,32,20,17
744,Jonny Evans,2,1988,28,West Bromwich Albion,Northern Ireland,5400000,6300000,1,31,2638,2,942,1,8,0,1,2,9,5,0,91,2,0,0,0,0,1,0,9,19,74,31,0,42,1,0,151,45,29
743,Jonny Evans,3,1988,29,West Bromwich Albion,Northern Ireland,6300000,13500000,1,28,2273,2,961,2,7,0,2,4,10,5,0,67,2,0,0,0,0,5,0,4,13,48,26,0,29,0,1,126,54,34
742,Jonny Evans,1,1988,27,West Bromwich Albion,Northern Ireland,5400000,5400000,1,30,2593,1,984,1,4,0,0,3,7,1,0,60,0,0,0,0,1,0,0,22,28,92,23,0,74,0,0,104,54,30
740,Jonny,4,1994,24,Wolves,Spain,10800000,18000000,1,33,2777,1,1075,1,6,0,1,10,25,8,1,23,0,0,0,5,1,17,0,46,8,60,23,0,79,1,0,53,39,51
1268,Sead Kolasinac,4,1993,25,Arsenal,Bosnia And Herzegovina,16200000,18000000,1,24,1890,0,971,5,5,0,2,6,9,2,0,15,0,0,0,10,3,7,3,51,3,20,21,0,34,1,0,25,20,28
739,Jonjoe Kenny,3,1997,20,Everton,England,225000,4500000,1,19,1589,0,587,1,2,0,2,0,1,1,0,41,0,0,0,0,0,0,0,46,7,28,17,0,41,0,0,73,38,31
738,Jonjoe Kenny,4,1997,21,Everton,England,4500000,4500000,1,10,790,0,427,1,1,0,2,1,3,0,1,14,0,0,0,0,0,3,0,17,2,17,10,0,22,0,0,30,23,11
1466,Zanka,3,1990,27,Huddersfield Town,Denmark,2750000,5500000,1,38,3420,0,1561,2,6,0,0,0,13,3,0,121,0,0,0,2,2,10,0,0,20,76,45,0,55,1,0,241,88,82
1287,Shane Duffy,3,1992,25,Brighton and Hove Albion,Ireland,4500000,10800000,1,37,3294,0,1358,1,8,0,0,2,28,5,1,237,0,0,0,7,0,23,0,3,59,50,33,0,31,1,0,327,198,95
729,Jonas Olsson,1,1983,32,West Bromwich Albion,Sweden,1350000,1350000,1,28,2016,1,576,1,5,0,3,6,6,2,1,69,1,0,0,2,0,1,0,0,32,45,22,0,16,1,0,127,48,21
728,Jon Gorenc Stankovic,4,1996,22,Huddersfield Town,Slovenia,450000,1350000,1,11,719,0,294,0,2,0,2,5,9,2,0,10,0,0,0,0,0,7,0,0,9,9,9,0,26,0,0,19,22,16
727,Joleon Lescott,1,1982,32,Aston Villa,England,3600000,1350000,1,31,2810,1,1061,0,2,0,0,2,11,3,1,109,0,0,0,0,0,2,0,4,21,85,16,0,35,1,0,186,71,34
726,John Terry,1,1980,34,Chelsea,England,3600000,2250000,1,22,1989,1,924,0,2,2,0,3,10,2,0,50,0,0,0,2,1,0,0,0,19,38,10,0,21,0,0,88,49,22
766,José Fonte,2,1983,32,Southampton,Portugal,4500000,6300000,1,33,2845,0,1604,0,4,0,0,1,17,3,0,101,0,0,0,0,0,0,0,5,23,70,27,0,47,1,0,187,79,45
767,José Fonte,1,1983,31,Southampton,Portugal,4500000,4500000,1,27,2025,0,956,0,3,0,0,20,35,10,2,3,0,0,0,1,3,0,29,69,1,22,12,0,37,0,0,7,3,17
768,José Holebas,1,1984,31,Watford,Greece,1800000,1800000,1,37,3168,2,1622,0,4,1,0,3,20,8,0,90,2,0,0,1,0,2,0,9,32,81,21,0,53,0,0,224,91,42
769,José Holebas,2,1984,32,Watford,Greece,1800000,1800000,1,33,2909,2,1158,4,14,0,0,5,28,7,0,65,0,0,0,1,0,0,56,164,10,55,43,0,62,2,0,114,47,28
1269,Seamus Coleman,2,1988,28,Everton,Ireland,15300000,15300000,1,26,2317,4,920,3,3,0,0,1,18,8,2,40,2,0,0,4,1,0,0,92,17,29,18,1,53,0,0,68,20,22
1270,Seamus Coleman,1,1988,26,Everton,Ireland,17100000,15300000,1,35,3150,5,1116,0,7,0,0,0,29,11,1,102,3,0,0,5,0,0,0,5,45,62,20,1,35,0,0,179,115,75
1271,Seamus Coleman,4,1988,29,Everton,Ireland,10800000,13500000,1,29,2560,2,1194,2,0,0,0,2,15,7,0,43,1,0,0,3,0,8,0,81,5,27,22,1,44,0,1,74,46,31
1272,Seamus Coleman,3,1988,29,Everton,Ireland,15300000,10800000,1,12,1035,0,357,1,0,0,0,1,2,2,1,16,0,0,0,0,0,0,0,28,12,10,3,0,14,1,0,23,14,11
1273,Sean Morrison,4,1991,27,Cardiff City,England,4500000,4500000,1,34,3040,1,737,3,6,0,0,1,34,10,1,104,1,0,0,9,0,24,0,5,30,52,32,0,35,1,0,200,226,116
787,Juan Foyth,4,1998,20,Tottenham,Argentina,4500000,13500000,1,12,890,1,586,0,3,1,2,1,4,1,0,27,1,0,0,0,1,3,0,2,5,10,16,1,31,1,0,48,25,19
785,Juan Camilo Zúñiga,2,1985,31,Watford,Colombia,1100000,1650000,1,21,813,1,358,0,0,0,15,5,6,1,0,6,0,0,0,0,2,0,0,11,0,18,5,0,19,0,0,22,10,7
1274,Sebastián Coates,1,1990,24,Sunderland,Uruguay,2250000,4500000,1,27,1596,2,345,0,0,0,8,10,17,7,0,3,0,1,0,9,1,2,0,24,0,9,5,0,13,0,0,4,7,22
1275,Sebastian Larsson,2,1985,31,Sunderland,Sweden,2750000,2750000,1,21,1471,0,642,1,4,0,4,5,16,3,0,12,0,0,0,0,2,0,43,71,9,13,30,0,37,0,0,32,14,13
756,Jordi Amat,2,1992,24,Swansea City,Spain,2750000,2750000,1,17,1408,0,658,0,5,0,2,0,7,4,0,49,0,0,0,0,0,2,0,0,15,29,26,0,36,2,0,109,24,36
830,Kieran Trippier,2,1990,25,Tottenham,England,5400000,9000000,1,12,566,0,346,5,1,0,6,2,3,0,0,4,0,0,0,1,0,0,1,29,3,7,8,0,17,0,0,13,4,5
764,Jores Okore,1,1992,22,Aston Villa,Denmark,5000000,4000000,1,12,1080,0,330,0,1,0,0,0,0,0,0,31,0,0,0,0,0,0,0,0,8,28,8,0,37,0,0,83,18,16
893,Luke Shaw,3,1995,22,Manchester United,England,18000000,13500000,1,11,788,0,477,0,2,0,3,1,12,5,1,11,0,0,0,0,0,7,7,30,2,4,4,0,18,0,0,19,17,19
828,Kieran Trippier,3,1990,27,Tottenham,England,9000000,18000000,1,24,1913,0,1266,5,1,0,3,3,1,1,0,23,0,0,0,3,5,0,28,122,6,20,18,0,52,0,0,45,36,29
827,Kieran Richardson,1,1984,30,Aston Villa,England,1350000,1100000,1,11,723,0,269,1,4,0,3,3,7,2,0,12,0,0,0,0,1,1,0,21,3,12,18,0,18,0,0,20,9,9
826,Kieran Gibbs,1,1989,25,Arsenal,England,11700000,11700000,1,15,381,1,198,0,0,0,12,2,5,1,0,5,0,0,0,2,2,0,1,9,0,11,3,0,12,0,0,10,8,13
825,Kieran Gibbs,2,1989,26,Arsenal,England,11700000,9000000,1,11,702,0,372,1,3,0,3,3,5,2,1,25,0,0,0,0,0,0,0,31,0,10,11,0,12,0,0,34,20,25
824,Kieran Gibbs,3,1989,28,West Bromwich Albion,England,9000000,7200000,1,33,2830,0,1014,1,3,0,1,5,9,1,0,41,0,0,0,0,0,8,4,74,12,48,22,0,41,0,0,82,42,39
819,Kevin Wimmer,3,1992,25,Stoke City,Austria,10800000,9000000,1,17,1321,0,504,0,5,0,3,1,0,0,0,40,0,0,0,0,0,0,0,2,12,30,20,1,24,0,0,78,19,24
842,Kyle Walker,1,1990,25,Tottenham,England,11700000,13500000,1,33,2943,1,1250,3,7,0,0,2,21,7,0,62,0,0,0,3,0,0,0,78,5,92,29,0,87,1,0,106,52,25
843,Kyle Walker,4,1990,28,Manchester City,England,45000000,45000000,1,33,2777,0,2389,0,3,0,3,1,21,4,0,25,0,0,0,4,4,17,0,59,5,36,15,0,40,0,0,50,45,25
844,Lamine Koné,2,1989,27,Sunderland,Cote D'Ivoire,5400000,6300000,1,30,2545,1,787,0,4,0,1,1,17,4,0,112,0,0,0,2,1,0,0,3,22,44,14,0,30,0,0,199,77,44
845,Lamine Koné,1,1989,26,Sunderland,Cote D'Ivoire,2250000,5400000,1,15,1315,2,402,1,0,0,0,1,10,4,0,78,0,0,0,1,0,2,0,2,10,33,5,0,28,0,0,138,49,32
891,Luke Shaw,2,1995,21,Manchester United,England,18900000,18000000,1,11,692,0,382,1,1,0,2,5,6,1,0,13,0,0,0,0,0,0,3,21,1,13,7,0,12,0,0,27,11,6
1203,Romain Saïss,4,1990,28,Wolves,Morocco,5400000,4500000,1,19,1144,2,737,0,0,0,7,2,11,5,0,30,0,0,0,0,0,6,0,9,12,26,27,0,39,0,0,58,60,28
878,Lucas Digne,4,1993,25,Everton,France,13500000,27000000,1,35,2966,4,1457,4,5,1,2,2,34,10,3,51,0,0,2,2,0,24,89,280,9,60,39,1,72,0,1,94,90,45
875,Lewis Dunk,3,1991,26,Brighton and Hove Albion,England,4500000,9000000,1,38,3420,1,1496,1,7,0,0,0,27,9,0,128,0,0,0,0,3,18,0,7,58,71,36,1,67,0,4,223,122,73
874,Lewis Dunk,4,1991,26,Brighton and Hove Albion,England,9000000,10800000,1,36,3153,2,1490,1,5,1,0,1,20,4,0,118,2,0,0,0,2,16,0,2,38,46,22,2,42,2,0,193,120,63
1259,Scott Dann,1,1987,28,Crystal Palace,England,2700000,4500000,1,12,379,0,138,0,0,0,7,3,3,0,0,4,0,0,0,0,0,0,0,3,3,13,5,0,10,0,0,12,15,7
1260,Scott Dann,4,1987,31,Crystal Palace,England,4500000,3600000,1,10,661,0,264,1,1,0,3,0,6,1,0,25,0,0,0,0,0,5,0,0,12,5,4,0,6,0,0,44,26,16
1261,Scott Dann,3,1987,30,Crystal Palace,England,4500000,4500000,1,17,1435,1,566,0,4,0,1,1,19,5,0,60,0,0,0,2,1,14,0,2,14,23,12,0,10,1,0,97,49,33
1262,Scott Dann,2,1987,29,Crystal Palace,England,4500000,4500000,1,23,1744,3,608,1,2,0,4,1,21,10,0,65,2,0,0,0,0,0,0,3,19,32,14,0,17,0,0,102,68,52
1263,Scott Malone,3,1991,26,Huddersfield Town,England,2750000,3300000,1,22,1115,0,493,1,3,0,10,6,2,2,0,13,0,0,0,0,0,0,0,46,2,26,19,0,39,2,0,38,14,13
860,Leighton Baines,1,1984,30,Everton,England,16200000,11200000,1,18,1477,2,756,1,0,0,2,0,9,3,1,21,0,1,0,4,0,0,42,103,6,29,6,0,34,0,0,42,9,17
859,Leighton Baines,3,1984,32,Everton,England,10800000,7200000,1,22,1910,2,754,3,1,0,0,2,4,4,0,15,0,2,0,1,0,0,21,75,6,25,7,0,25,0,0,47,14,20
858,Leighton Baines,2,1984,31,Everton,England,11200000,10800000,1,32,2821,2,1309,3,4,0,0,3,15,5,1,40,0,2,0,0,1,1,25,112,6,45,35,2,63,0,0,65,27,34
851,Laurent Koscielny,4,1985,32,Arsenal,France,13500000,7200000,1,17,1330,3,891,0,1,0,4,1,5,4,0,45,1,0,0,0,0,1,0,0,15,30,9,0,19,0,0,70,25,28
850,Laurent Koscielny,3,1985,32,Arsenal,France,19800000,13500000,1,25,2227,2,1745,0,4,0,0,2,9,2,1,79,1,0,0,2,2,7,0,5,15,54,14,0,43,1,0,134,80,61
849,Laurent Koscielny,2,1985,30,Arsenal,France,19800000,19800000,1,33,2823,2,1667,0,4,0,0,2,9,4,0,126,0,0,0,2,0,0,0,3,22,90,19,1,48,0,0,202,116,78
848,Laurent Koscielny,1,1985,29,Arsenal,France,18000000,19800000,1,33,2846,4,1691,0,3,0,0,2,19,8,0,110,1,0,0,1,2,0,0,3,27,126,31,0,47,0,0,186,104,57
818,Kevin Wimmer,1,1992,22,Tottenham,Austria,6750000,6300000,1,10,812,0,541,0,2,0,0,0,0,0,0,30,0,0,0,0,0,0,0,0,9,20,12,0,5,0,0,49,9,8
1267,Sead Kolasinac,3,1993,24,Arsenal,Bosnia And Herzegovina,13500000,16200000,1,27,2152,2,1268,4,3,0,2,6,21,7,1,27,0,0,0,0,0,14,0,42,3,26,32,0,49,0,0,53,47,32
741,Jonny Evans,4,1988,30,Leicester City,Northern Ireland,13500000,9000000,1,24,1994,1,1029,0,2,0,3,2,11,3,0,79,0,0,0,0,0,8,0,1,10,33,21,0,24,0,0,146,72,38
1276,Sebastian Larsson,1,1985,30,Sunderland,Sweden,31500000,2250000,1,16,1229,0,379,0,4,0,2,2,6,2,0,46,0,0,0,0,0,0,0,2,9,41,17,0,45,0,1,90,27,20
1399,Vincent Kompany,1,1986,29,Manchester City,Belgium,27000000,27000000,1,14,1179,2,678,0,5,0,1,1,11,3,0,45,2,0,0,0,0,0,0,0,4,23,15,0,20,0,0,78,35,6
243,Chancel Mbemba,1,1994,20,Newcastle United,The Democratic Republic Of Congo,7200000,9000000,1,33,2924,0,1147,0,5,0,0,1,12,0,0,115,0,0,0,0,0,0,0,10,25,96,21,3,77,2,0,231,48,54
291,Christopher Schindler,3,1990,27,Huddersfield Town,Germany,1800000,5400000,1,37,3266,0,1389,1,6,1,0,1,10,0,1,143,0,0,0,0,0,10,0,4,30,75,30,2,83,0,0,265,155,95
285,Christian Fuchs,3,1986,31,Leicester City,Austria,5400000,4500000,1,25,1918,0,896,1,1,0,4,1,11,0,0,35,0,0,0,0,1,11,13,71,3,58,12,0,41,0,1,70,61,37
169,Bacary Sagna,1,1983,32,Manchester City,France,5400000,6300000,1,28,2448,0,1587,3,4,0,1,1,5,2,0,61,0,0,0,0,2,0,0,74,7,50,17,0,50,0,0,99,86,57
272,Chris Smalling,1,1989,25,Manchester United,England,12600000,18000000,1,35,3150,0,1533,1,8,0,0,0,18,2,2,105,0,0,0,0,1,2,0,0,19,97,47,0,55,0,0,180,124,70
133,Angelo Ogbonna,3,1988,29,West Ham United,Italy,8100000,8100000,1,32,2880,1,1013,0,3,0,0,0,2,2,0,103,1,0,0,0,1,0,0,2,27,58,15,0,30,0,0,191,80,73
131,Angelo Ogbonna,4,1988,30,West Ham United,Italy,8100000,7200000,1,24,1871,1,795,1,2,0,4,0,14,5,0,45,0,0,0,0,1,9,0,0,19,35,15,0,31,0,0,99,79,37
130,Angelo Ogbonna,2,1988,28,West Ham United,Italy,8100000,8100000,1,20,1755,0,805,0,2,0,0,1,3,1,0,58,0,0,0,0,0,0,0,4,14,37,13,0,27,1,0,96,44,18
129,Angel Rangel,2,1982,34,Swansea City,Spain,1650000,1100000,1,18,823,1,545,0,1,0,10,1,5,3,0,20,0,0,0,1,0,0,0,11,3,26,10,0,32,0,0,31,13,13
128,Angel Rangel,1,1982,33,Swansea City,Spain,1650000,1650000,1,20,1821,0,1278,0,6,0,3,4,14,0,1,38,0,0,0,2,0,1,0,47,7,59,19,0,43,0,0,72,36,25
1174,Ramiro Funes Mori,1,1991,24,Everton,Argentina,5400000,10800000,1,28,2191,4,1238,1,4,1,4,0,24,9,0,99,2,0,0,2,0,3,0,6,11,66,8,0,41,0,0,217,76,45
112,Andrew Robertson,2,1994,22,Hull City,Scotland,6300000,6300000,1,33,2736,1,1229,2,5,0,2,2,7,1,1,28,0,0,0,1,0,0,9,119,15,55,18,3,53,0,0,75,9,13
111,Andrew Robertson,4,1994,24,Liverpool,Scotland,22500000,54000000,1,36,3219,0,2396,11,4,0,0,3,16,5,1,23,0,0,0,1,2,11,4,135,6,30,18,0,80,0,0,47,24,29
110,Andrew Robertson,3,1994,23,Liverpool,Scotland,6300000,22500000,1,22,1943,1,1421,5,2,0,0,3,12,2,0,16,0,0,0,5,3,10,0,88,2,26,15,1,31,0,0,49,15,10
108,Andreas Christensen,3,1996,21,Chelsea,Denmark,19800000,44000000,1,27,2070,0,1349,0,0,0,4,6,12,1,2,60,0,0,0,1,1,11,0,0,17,38,8,0,26,1,0,104,56,29
107,Andrea Ranocchia,2,1988,28,Hull City,Italy,6600000,5500000,1,16,1329,2,550,2,2,0,0,1,8,5,0,70,1,0,0,0,0,1,0,2,12,22,13,0,28,1,0,114,43,35
105,Andre Wisdom,1,1993,22,Norwich City,England,4500000,2700000,1,10,823,0,307,0,1,0,0,0,2,0,0,15,0,0,0,0,0,0,0,25,0,8,3,0,19,0,0,23,10,10
1186,Rob Holding,3,1995,22,Arsenal,England,6300000,6300000,1,12,820,0,603,0,3,0,3,1,0,0,0,18,0,0,0,0,1,0,0,0,10,21,9,1,19,0,0,39,28,20
1185,Rob Holding,4,1995,22,Arsenal,England,6300000,10800000,1,10,807,0,614,0,1,0,1,1,2,0,0,21,0,0,0,0,0,2,0,1,7,12,6,0,11,0,0,37,21,9
1439,Willy Boly,4,1991,27,Wolves,France,9000000,10800000,1,36,3168,4,1715,0,2,1,0,1,24,6,0,108,3,0,0,3,2,18,0,0,32,72,29,1,85,0,0,172,136,64
1440,Winston Reid,1,1988,27,West Ham United,New Zealand,8100000,9000000,1,24,2136,1,833,1,5,0,0,1,17,0,2,85,0,0,0,0,0,1,0,2,27,76,23,0,45,0,0,154,50,28
132,Angelo Ogbonna,1,1988,27,West Ham United,Italy,8100000,8100000,1,28,2328,0,945,0,5,0,1,2,6,0,0,98,0,0,0,0,0,0,0,1,19,50,21,0,43,1,0,161,62,31
1173,Ramiro Funes Mori,2,1991,25,Everton,Argentina,10800000,10800000,1,23,1539,0,794,1,0,0,7,0,12,2,0,70,0,0,0,1,0,1,0,5,8,31,10,0,26,0,0,111,46,27
271,Chris Smalling,4,1989,28,Manchester United,England,16200000,18000000,1,24,2128,0,954,0,0,0,0,1,11,2,0,57,0,0,0,2,1,9,0,0,25,26,22,0,30,0,1,106,102,57
1425,Wilfred Ndidi,2,1996,19,Leicester City,Nigeria,5400000,12600000,1,17,1522,2,689,1,0,0,0,1,31,6,0,29,0,0,0,1,0,1,0,3,5,36,27,0,68,0,0,55,59,77
1420,Wes Morgan,2,1984,32,Leicester City,Jamaica,3150000,2700000,1,27,2430,0,653,0,3,0,0,0,14,3,0,84,0,0,0,1,0,2,0,0,25,52,20,0,27,0,0,141,65,45
1421,Wesley Hoedt,4,1994,24,Southampton,Netherlands,13500000,10800000,1,13,1170,0,621,0,2,0,0,0,6,1,0,37,0,0,0,0,0,5,0,2,13,23,15,2,28,0,2,76,33,24
1422,Wesley Hoedt,3,1994,23,Southampton,Netherlands,6750000,13500000,1,28,2520,0,1323,1,7,0,0,0,15,2,2,82,0,0,0,0,1,13,0,6,17,40,22,1,60,2,0,172,61,53
1423,Wilfred Ndidi,3,1996,20,Leicester City,Nigeria,12600000,22500000,1,33,2899,0,1684,3,6,2,0,1,41,6,2,47,0,0,0,0,7,35,0,9,10,50,60,0,138,0,0,95,117,75
150,Arthur Masuaku,4,1993,24,West Ham United,The Democratic Republic Of Congo,6300000,6300000,1,23,1757,0,880,1,2,0,4,1,4,1,0,33,0,0,0,0,1,3,1,37,6,36,16,0,57,0,0,56,21,21
305,Craig Cathcart,2,1989,27,Watford,Northern Ireland,3600000,3600000,1,15,1161,0,364,1,3,0,2,2,3,1,0,25,0,0,0,0,0,0,0,4,14,18,13,0,23,0,0,52,23,15
149,Arthur Masuaku,2,1993,22,West Ham United,The Democratic Republic Of Congo,6300000,6300000,1,13,971,0,468,1,1,0,2,2,4,0,0,15,0,0,0,0,0,0,0,30,1,26,16,0,40,0,0,27,16,15
318,Daley Blind,2,1990,26,Manchester United,Netherlands,19800000,19800000,1,23,1829,1,1040,2,2,0,3,2,9,2,0,49,0,0,0,0,1,0,45,87,9,44,14,0,45,0,0,108,25,22
336,Danilo,3,1991,26,Manchester City,Brazil,14400000,18000000,1,23,1341,3,1111,2,2,0,10,2,19,7,1,11,0,0,0,0,2,12,0,24,6,19,12,0,43,0,0,28,16,6
313,Cuco Martina,1,1989,25,Southampton,Curacao,1100000,1800000,1,15,1084,1,428,1,1,0,4,1,3,0,0,6,0,0,0,2,1,0,0,37,3,24,15,0,37,1,0,34,6,10
315,Cyrus Christie,4,1992,25,Fulham,Ireland,2700000,3150000,1,28,1945,0,884,1,7,0,9,4,12,3,0,49,0,0,0,2,0,9,0,90,11,29,29,0,41,0,0,80,56,32
312,Cuco Martina,3,1989,28,Everton,Curacao,1800000,1800000,1,21,1831,0,780,2,1,0,1,1,1,1,0,49,0,0,0,2,1,0,0,45,4,42,26,0,61,0,0,117,23,35
292,Christopher Schindler,4,1990,28,Huddersfield Town,Germany,5400000,6300000,1,37,3262,1,1551,0,4,1,0,1,13,3,0,61,0,0,0,0,0,10,0,0,34,70,26,0,61,1,0,134,137,109
1159,Rúben Vinagre,4,1999,19,Wolves,Portugal,1800000,6300000,1,17,706,0,286,0,0,0,10,3,4,3,0,7,0,0,0,1,1,1,2,52,2,14,12,0,14,0,0,13,9,17
314,Curtis Davies,2,1985,31,Hull City,England,3850000,2750000,1,26,2137,0,857,2,4,0,1,5,10,3,1,101,0,0,0,0,0,0,0,4,35,92,12,0,40,2,1,173,74,52
1163,Ragnar Klavan,2,1985,31,Liverpool,Estonia,3600000,3150000,1,20,1408,0,938,0,3,0,5,0,4,2,0,48,0,0,0,0,1,0,0,1,9,14,15,0,25,1,0,92,38,33
1389,Victor Lindelöf,3,1994,23,Manchester United,Sweden,24200000,27000000,1,17,1284,0,751,0,1,0,4,0,0,0,0,36,0,0,0,0,0,0,0,1,11,13,10,0,17,1,0,64,22,25
296,Ciaran Clark,1,1989,25,Aston Villa,Ireland,4500000,4050000,1,18,1442,1,559,0,6,0,2,0,10,2,0,70,1,0,0,0,0,1,0,1,13,47,14,0,24,2,0,127,50,30
295,Ciaran Clark,4,1989,28,Newcastle United,Ireland,5400000,5400000,1,11,858,3,304,0,1,0,2,1,7,3,0,33,3,0,0,0,0,4,0,3,7,12,6,0,20,0,0,57,43,23
297,Ciaran Clark,3,1989,28,Newcastle United,Ireland,4500000,5400000,1,20,1745,2,699,1,3,0,1,0,11,3,0,65,2,0,0,0,1,8,0,2,10,17,17,0,25,0,0,140,41,37
304,Craig Cathcart,1,1989,26,Watford,Northern Ireland,900000,3600000,1,35,3033,1,1032,0,3,0,1,1,5,2,0,95,0,0,0,0,0,0,0,3,25,63,9,0,45,0,1,171,68,42
328,Daniel Ayala,2,1990,25,Middlesbrough,Spain,2200000,2200000,1,14,917,1,380,0,3,0,3,2,10,5,0,40,1,0,0,1,1,1,0,6,6,27,15,0,11,0,0,68,36,19
1192,Robert Huth,2,1984,31,Leicester City,Germany,5400000,4500000,1,33,2929,2,701,2,9,0,0,3,26,9,1,116,2,0,0,0,0,1,0,0,37,45,45,1,28,0,2,220,94,80
306,Craig Cathcart,4,1989,29,Watford,Northern Ireland,3150000,4500000,1,36,3098,3,1280,0,2,0,1,4,13,5,0,76,3,0,0,0,0,8,0,3,30,38,16,2,50,1,2,179,86,79
307,Craig Dawson,3,1990,27,West Bromwich Albion,England,7200000,5400000,1,28,2509,2,906,0,6,0,0,1,16,4,0,81,2,0,0,4,0,12,0,42,26,52,35,0,38,0,0,132,117,68
308,Craig Dawson,1,1990,25,West Bromwich Albion,England,2700000,5400000,1,38,3385,4,1115,0,3,0,0,1,38,8,1,108,3,0,0,3,0,6,0,130,26,86,28,0,59,0,1,162,119,73
286,Christian Fuchs,1,1986,29,Leicester City,Austria,2700000,5400000,1,30,2710,0,1180,4,4,0,2,1,19,8,0,67,0,0,0,0,4,0,67,127,11,98,33,0,99,0,0,122,49,34
322,Damien Delaney,2,1981,35,Crystal Palace,Ireland,1350000,900000,1,30,2007,0,889,2,8,0,9,2,5,1,0,89,0,0,0,0,1,0,0,5,21,35,26,2,25,0,0,150,59,55
287,Christian Fuchs,2,1986,30,Leicester City,Austria,5400000,5400000,1,36,3103,2,1294,4,10,0,1,2,21,6,1,95,0,0,0,1,0,1,21,96,13,71,29,1,97,0,0,143,69,61
288,Christian Kabasele,3,1991,26,Watford,Belgium,4950000,6300000,1,28,2332,2,903,0,5,0,1,3,10,5,0,99,2,0,0,0,0,5,0,1,23,34,31,1,42,0,1,173,103,46
321,Damien Delaney,1,1981,34,Crystal Palace,Ireland,900000,1350000,1,32,2880,2,1055,3,2,0,0,0,21,7,1,128,1,0,0,0,0,1,0,7,36,56,18,1,31,0,2,204,96,61
303,Conor Coady,4,1993,25,Wolves,England,4500000,9000000,1,38,3420,0,1688,0,5,0,0,0,0,0,0,60,0,0,0,0,3,0,0,0,27,30,10,0,31,0,3,127,34,23
1388,Victor Lindelöf,4,1994,24,Manchester United,Sweden,27000000,38500000,1,30,2602,1,1490,1,0,0,1,2,8,1,0,63,0,0,0,0,1,7,0,1,12,24,19,1,40,0,1,118,69,41
337,Danilo,4,1991,27,Manchester City,Brazil,18000000,18000000,1,11,806,1,767,0,1,0,2,1,14,3,0,11,0,0,0,0,0,11,0,12,0,15,10,0,20,0,0,20,18,14
309,Craig Dawson,2,1990,26,West Bromwich Albion,England,5400000,7200000,1,37,3278,4,1017,0,10,0,0,2,21,8,1,96,3,0,0,2,1,1,0,85,29,58,53,0,58,0,0,149,131,93
1164,Ragnar Klavan,3,1985,32,Liverpool,Estonia,3150000,3150000,1,19,1449,1,1198,0,0,0,3,0,1,1,0,38,1,0,0,0,1,0,0,1,5,15,7,0,14,0,0,82,39,40
289,Christian Kabasele,4,1991,27,Watford,Belgium,6300000,7200000,1,21,1587,0,550,0,2,1,2,2,8,2,0,55,0,0,0,0,0,6,0,1,16,38,22,1,25,0,0,106,60,46
290,Christian Kabasele,2,1991,25,Watford,Belgium,5400000,4950000,1,16,767,2,238,0,1,0,9,4,7,3,0,29,1,0,0,0,0,0,0,10,2,17,13,0,15,0,0,40,18,19
319,Daley Blind,1,1990,25,Manchester United,Netherlands,15300000,19800000,1,35,3117,1,2029,0,2,0,0,3,4,2,0,63,0,0,0,0,1,0,109,125,20,80,27,0,95,0,0,119,34,55
1402,Vincent Kompany,2,1986,30,Manchester City,Belgium,27000000,19800000,1,11,823,3,557,0,5,0,1,3,9,3,0,28,2,0,0,0,0,0,0,1,3,16,19,0,15,0,0,42,19,9
148,Arthur Masuaku,3,1993,24,West Ham United,The Democratic Republic Of Congo,6300000,6300000,1,27,1871,0,683,3,5,0,6,8,3,3,0,11,0,0,0,2,1,0,0,100,2,26,30,0,58,0,0,33,23,20
146,Aron Gunnarsson,4,1989,29,Cardiff City,Iceland,2250000,1900000,1,28,2275,1,749,1,5,0,1,9,20,4,0,22,0,0,0,0,4,16,0,12,12,38,26,0,51,0,0,54,47,33
1442,Winston Reid,2,1988,28,West Ham United,New Zealand,9000000,9000000,1,30,2589,2,983,2,8,0,0,3,11,2,0,144,1,0,0,1,0,0,0,3,23,82,31,0,32,0,0,244,55,38
1447,Yan Valery,4,1999,19,Southampton,France,1100000,2250000,1,23,1714,2,399,0,3,1,3,5,6,5,0,19,0,0,0,2,0,1,0,55,3,22,27,0,42,0,0,57,42,54
60,Aleksandar Kolarov,2,1985,30,Manchester City,Serbia,9900000,9000000,1,29,2533,1,1859,1,6,0,2,0,32,10,0,106,0,0,1,0,6,0,2,27,10,46,34,0,47,0,1,155,84,41
50,Ahmed Hegazi,3,1991,26,West Bromwich Albion,Egypt,1650000,5500000,1,38,3387,2,1186,0,4,0,0,1,14,4,0,152,2,0,0,2,1,10,0,10,37,60,24,0,58,1,0,270,103,84
59,Aleksandar Dragovic,3,1991,26,Leicester City,Austria,10800000,9000000,1,11,767,0,337,0,2,0,4,1,0,0,0,25,0,0,0,0,0,0,0,1,8,16,7,0,13,0,0,42,13,9
57,Alberto Moreno,2,1992,24,Liverpool,Spain,16500000,11000000,1,12,298,0,182,1,1,0,10,0,3,0,1,6,0,0,0,0,0,0,3,13,0,2,2,0,6,0,0,17,2,4
56,Alberto Moreno,3,1992,25,Liverpool,Spain,11000000,11000000,1,16,1264,0,783,0,1,0,2,0,12,2,0,16,0,0,0,0,1,10,3,51,2,12,8,0,35,0,0,39,10,17
55,Alberto Moreno,1,1992,23,Liverpool,Spain,16500000,16500000,1,28,2547,1,1323,4,3,0,4,3,36,8,1,12,0,0,0,6,1,1,31,138,5,63,29,0,92,0,0,48,14,15
54,Alan Hutton,1,1984,30,Aston Villa,Scotland,2000000,2000000,1,28,2330,0,843,1,6,1,2,1,9,0,0,32,0,0,0,3,1,1,0,121,10,52,28,0,55,2,2,52,34,16
1455,Yerry Mina,4,1994,23,Everton,Colombia,8100000,22500000,1,13,892,1,504,0,3,0,3,1,4,1,0,29,1,0,0,1,0,3,0,0,5,8,13,0,14,1,0,50,38,27
158,Ashley Williams,1,1984,30,Swansea City,Wales,5850000,5850000,1,36,3240,2,1883,0,8,0,0,0,16,0,0,172,0,0,0,2,2,0,0,3,43,99,30,2,68,0,0,314,73,53
159,Ashley Williams,2,1984,31,Everton,Wales,5850000,7200000,1,36,3158,1,1720,3,7,0,0,0,15,6,0,152,0,0,0,3,0,0,0,0,27,57,38,0,53,0,0,287,82,62
160,Ashley Williams,3,1984,32,Everton,Wales,7200000,4500000,1,24,1832,1,732,0,3,1,4,3,13,3,0,95,1,0,0,3,0,10,0,1,23,36,25,0,23,1,0,170,52,42
215,Cédric Soares,4,1991,26,Southampton,Portugal,13500000,9000000,1,18,1494,1,594,2,0,0,2,1,10,3,0,23,0,0,1,1,0,7,1,64,5,22,9,1,23,2,0,50,23,25
238,Cesar Azpilicueta,4,1989,29,Chelsea,Spain,40000000,35000000,1,38,3403,1,2483,5,0,0,0,1,17,7,0,43,1,0,0,2,2,10,0,118,16,43,39,0,105,0,0,75,69,50
237,Cesar Azpilicueta,3,1989,28,Chelsea,Spain,30000000,40000000,1,37,3330,2,2760,6,1,0,0,0,13,3,0,65,1,0,0,1,10,10,0,80,22,54,25,0,80,0,1,119,81,55
236,Cesar Azpilicueta,2,1989,27,Chelsea,Spain,20000000,30000000,1,38,3420,1,2459,4,4,0,0,0,18,6,0,83,0,0,0,2,10,0,0,41,8,71,27,0,84,0,0,119,81,69
1403,Virgil van Dijk,2,1991,25,Southampton,Netherlands,10800000,27000000,1,21,1854,1,980,0,3,0,0,0,17,5,2,87,1,0,0,0,0,0,0,0,15,54,18,0,39,0,0,142,98,32
1404,Virgil van Dijk,4,1991,27,Liverpool,Netherlands,45000000,81000000,1,38,3385,4,3037,2,0,0,0,1,31,8,4,112,3,0,0,1,0,23,0,0,18,40,12,0,38,0,0,199,181,63
1405,Virgil van Dijk,1,1991,24,Southampton,Netherlands,9000000,10800000,1,34,3060,3,1388,0,2,0,0,0,30,10,5,160,0,0,0,2,0,2,0,2,22,96,28,1,59,0,0,260,163,58
229,Cameron Borthwick-Jackson,1,1997,18,Manchester United,England,875000,2700000,1,13,772,5,131,0,0,0,4,4,17,8,0,0,0,0,0,4,0,0,0,5,2,1,12,0,5,0,0,0,4,13
227,Calum Chambers,4,1995,23,Fulham,England,12600000,12600000,1,31,2586,2,1484,0,9,0,2,1,35,11,1,48,0,0,0,0,2,24,0,14,12,69,34,0,63,1,0,107,64,55
226,Calum Chambers,2,1995,21,Middlesbrough,England,10800000,12600000,1,25,2250,2,1116,1,4,0,0,0,8,3,0,103,1,0,0,1,0,0,0,21,26,52,23,0,49,0,0,175,71,50
225,Calum Chambers,1,1995,20,Arsenal,England,10800000,10800000,1,12,276,0,77,1,2,0,10,2,8,1,0,0,0,0,0,0,0,0,1,15,0,2,2,0,6,0,0,0,3,0
1406,Virgil van Dijk,3,1991,26,Liverpool,Netherlands,27000000,45000000,1,26,2253,0,1770,0,1,0,1,0,27,6,0,96,0,0,0,0,3,21,0,1,15,47,14,0,25,0,0,157,139,51
221,Callum Paterson,4,1994,23,Cardiff City,Scotland,3150000,4500000,1,27,1996,4,552,1,4,0,6,4,41,8,1,16,0,0,0,10,2,33,0,23,2,8,41,0,21,0,0,28,202,217
218,Cédric Soares,3,1991,26,Southampton,Portugal,13500000,13500000,1,32,2797,0,1275,3,3,0,0,3,23,4,0,38,0,0,0,3,2,19,0,137,8,24,16,0,54,2,0,82,0,62
217,Cédric Soares,1,1991,23,Southampton,Portugal,8550000,9900000,1,16,1440,2,730,0,3,0,6,12,17,0,0,2,0,0,0,2,0,0,32,77,2,10,3,0,22,0,0,5,1,4
239,Cesar Azpilicueta,1,1989,26,Chelsea,Spain,23000000,20000000,1,20,1370,0,793,0,3,0,4,7,13,4,0,11,0,0,0,0,0,0,0,3,5,45,25,0,54,0,0,25,27,20
1441,Winston Reid,3,1988,29,West Ham United,New Zealand,9000000,6300000,1,17,1454,0,659,0,5,0,0,2,0,0,0,57,0,0,0,0,0,0,0,1,14,22,14,0,11,0,0,101,44,25
1424,Wilfred Ndidi,4,1996,21,Leicester City,Nigeria,22500000,31500000,1,38,3298,2,1984,0,8,0,1,4,55,9,2,41,0,0,0,2,6,46,0,12,9,83,46,0,143,0,0,80,131,106
82,Alfie Mawson,3,1994,23,Swansea City,England,5400000,13500000,1,38,3420,2,1744,1,3,0,0,0,20,6,0,126,0,0,0,0,1,14,0,2,32,35,19,0,32,1,0,222,122,74
84,Alfie Mawson,4,1994,24,Fulham,England,13500000,13500000,1,15,1130,0,477,0,2,0,2,2,2,1,0,38,0,0,0,0,0,1,0,3,17,19,6,0,11,0,0,64,32,21
145,Antonio Valencia,3,1985,32,Manchester United,Ecuador,9000000,4500000,1,31,2742,3,1602,1,7,0,0,3,16,3,0,25,0,0,0,4,3,13,0,79,6,48,38,0,57,0,0,60,22,25
144,Antonio Valencia,2,1985,30,Manchester United,Ecuador,7200000,9000000,1,28,2483,1,1370,3,5,0,0,0,9,4,0,27,0,0,0,7,0,1,3,142,7,43,33,0,67,0,0,58,22,25
143,Antonio Valencia,1,1985,29,Manchester United,Ecuador,9000000,7200000,1,14,855,0,584,3,1,0,6,2,6,1,0,8,0,0,0,2,1,0,0,35,6,15,16,0,27,0,0,18,18,8
142,Antonio Rüdiger,4,1993,25,Chelsea,Germany,36000000,45000000,1,33,2874,1,2537,0,0,0,0,3,26,6,1,58,0,0,0,1,8,20,0,0,8,32,28,0,34,0,0,95,83,75
141,Antonio Rüdiger,3,1993,24,Chelsea,Germany,22500000,36000000,1,27,2336,2,1709,1,4,0,2,0,15,4,0,52,2,0,0,2,3,11,0,10,15,24,26,0,31,0,0,101,59,39
140,Antonio Barragán,2,1987,29,Middlesbrough,Spain,3850000,3300000,1,26,2196,0,1027,0,5,0,0,3,3,0,0,35,0,0,0,1,1,0,0,71,13,59,27,0,72,0,0,70,21,22
91,Aly Cissokho,1,1987,27,Aston Villa,France,2700000,1800000,1,18,1603,0,647,0,3,1,0,0,4,3,0,31,0,0,0,0,0,0,0,81,3,40,13,0,26,0,0,75,22,12
89,Allan-Romeo Nyom,3,1988,29,West Bromwich Albion,Cameroon,4050000,4050000,1,29,2308,0,753,1,7,0,4,2,0,0,0,47,0,0,0,0,0,0,0,88,9,27,20,0,64,0,0,83,22,19
88,Allan-Romeo Nyom,1,1988,27,Watford,Cameroon,3600000,3600000,1,28,2474,0,860,1,8,0,3,9,7,1,0,26,0,0,0,0,1,0,0,85,7,60,36,0,84,1,0,70,13,20
87,Allan-Romeo Nyom,2,1988,28,West Bromwich Albion,Cameroon,3600000,4050000,1,32,2637,0,735,2,8,0,3,3,6,1,0,57,0,0,0,2,0,0,0,78,8,60,50,0,72,0,0,101,21,19
1456,Yohan Benalouane,2,1987,29,Leicester City,Tunisia,2200000,1100000,1,11,920,0,188,0,4,0,0,4,4,1,0,33,0,0,0,0,0,0,0,0,5,26,15,0,17,0,0,56,18,23
41,Adama Traoré,2,1996,20,Middlesbrough,Spain,6300000,7200000,1,27,1535,0,369,1,1,0,11,7,11,2,0,1,0,0,0,1,6,1,0,79,2,6,20,0,30,0,0,5,15,23
1180,Ritchie de Laet,1,1988,26,Leicester City,Belgium,2250000,1800000,1,12,655,1,218,0,1,0,5,3,2,1,0,12,0,0,0,0,0,0,0,15,11,21,6,0,25,0,0,25,13,16
36,Adam Smith,3,1991,26,AFC Bournemouth,England,4500000,4500000,1,27,2069,1,912,3,6,0,5,2,13,3,0,23,0,0,0,0,1,10,6,35,8,31,23,0,49,0,0,56,15,28
35,Adam Smith,2,1991,25,AFC Bournemouth,England,1800000,4500000,1,36,3099,1,1452,5,6,0,2,0,26,6,2,36,0,0,0,3,2,1,8,55,13,54,45,0,85,0,0,71,31,50
34,Adam Smith,1,1991,24,AFC Bournemouth,England,450000,1800000,1,31,2096,2,911,0,5,0,9,2,15,4,0,25,0,0,0,2,1,0,4,56,5,44,33,0,71,0,0,49,21,32
33,Adam Smith,4,1991,27,AFC Bournemouth,England,4500000,6300000,1,25,2072,0,872,0,5,1,0,6,7,0,0,33,0,0,0,0,0,7,6,22,7,31,18,0,46,0,0,57,28,31
32,Adam Masina,4,1994,24,Watford,Italy,6300000,6300000,1,14,1004,0,436,1,5,0,3,2,3,0,1,22,0,0,0,1,0,3,16,31,4,17,17,0,30,0,0,36,23,15
1462,Younes Kaboul,1,1986,29,Sunderland,France,4000000,2200000,1,22,2009,0,654,1,3,1,1,1,12,4,0,110,0,0,0,1,2,0,0,13,20,52,15,0,43,1,0,196,78,55
22,Abdul Rahman Baba,1,1994,21,Chelsea,Ghana,10000000,12000000,1,15,1016,0,526,1,1,0,4,3,6,2,0,16,0,0,0,2,0,0,0,31,4,23,14,0,47,1,0,32,8,13
18,Aaron Wan-Bissaka,4,1997,21,Crystal Palace,England,900000,31500000,1,35,3135,0,1165,3,4,1,0,0,9,0,0,59,0,0,0,2,0,9,0,56,16,84,23,0,129,0,0,129,43,30
7,Aaron Cresswell,2,1989,26,West Ham United,England,13200000,13200000,1,26,2117,0,758,2,2,1,2,3,11,2,0,27,0,0,0,4,0,1,0,97,6,25,11,0,21,1,0,61,36,33
6,Aaron Cresswell,1,1989,25,West Ham United,England,9900000,13200000,1,37,3315,2,1377,4,1,0,0,1,28,7,1,52,0,0,0,1,1,0,0,121,17,70,22,0,38,3,0,88,40,34
5,Aaron Cresswell,3,1989,28,West Ham United,England,13200000,13200000,1,36,3071,1,1299,7,7,0,1,5,21,6,2,67,0,0,1,3,3,15,67,196,17,44,20,0,34,0,0,110,57,48
4,Aaron Cresswell,4,1989,28,West Ham United,England,13200000,9900000,1,20,1590,0,812,1,1,0,2,2,11,0,0,23,0,0,0,1,0,11,8,75,7,23,2,1,29,0,0,42,25,18
46,Adrian Mariappa,3,1986,31,Watford,Jamaica,900000,1350000,1,28,2208,0,961,0,4,0,4,3,10,2,0,79,0,0,0,0,0,8,0,4,16,45,32,1,45,2,0,129,90,75
47,Adrian Mariappa,4,1986,31,Watford,Jamaica,1350000,2700000,1,26,1924,0,882,0,3,0,6,0,7,1,0,51,0,0,0,1,0,6,0,1,15,25,19,2,35,1,0,119,59,58
49,Ahmed El Mohamady,2,1987,29,Hull City,Egypt,4400000,4400000,1,33,2520,0,1371,2,3,1,5,1,9,2,0,53,0,0,0,1,1,0,0,123,8,49,22,0,42,0,1,90,59,38
61,Aleksandar Kolarov,1,1985,29,Manchester City,Serbia,9900000,9900000,1,29,2281,3,1361,3,3,0,4,2,39,10,3,48,0,0,0,3,1,2,43,149,8,46,20,0,34,0,0,71,47,25
83,Alfie Mawson,2,1994,22,Swansea City,England,270000,5400000,1,27,2430,4,1218,0,1,0,0,0,22,5,2,95,3,0,0,0,1,1,0,1,27,30,10,0,29,1,2,169,84,52
779,Joseph Gomez,3,1997,20,Leicester City,England,3600000,19800000,1,23,1901,0,1337,2,3,0,2,0,0,0,0,26,0,0,0,0,0,0,0,45,8,34,15,1,58,0,0,48,0,31
228,Calum Chambers,3,1995,22,Arsenal,England,12600000,12600000,1,12,869,0,600,0,1,0,2,5,10,3,0,22,0,0,0,0,0,7,0,7,11,18,10,0,17,0,0,44,28,30
1279,Sebastian Prödl,3,1987,30,Watford,Austria,4400000,4400000,1,21,1568,0,568,0,5,0,4,2,1,1,0,36,0,0,0,2,0,0,0,1,9,31,21,0,22,0,0,89,45,28
1357,Toby Alderweireld,3,1989,28,Tottenham,Belgium,31500000,36000000,1,14,1177,0,915,0,3,0,1,0,10,1,0,31,0,0,0,0,1,9,0,7,5,4,8,0,19,0,0,50,14,29
414,Donald Love,2,1994,21,Sunderland,Scotland,1100000,1100000,1,12,607,0,215,1,1,0,6,1,2,1,0,9,0,0,0,0,1,0,0,20,7,15,9,0,20,0,0,24,9,17
404,Diogo Dalot,4,1999,19,Manchester United,Portugal,13500000,18000000,1,16,1014,0,423,2,3,0,4,6,15,0,0,12,0,0,0,2,0,15,3,50,2,10,12,0,24,0,0,30,22,5
399,Diego Rico,4,1993,25,AFC Bournemouth,Spain,2250000,8100000,1,12,607,0,285,0,0,0,7,2,9,0,0,7,0,0,0,0,0,9,12,39,2,14,10,0,14,0,0,17,7,9
1372,Tommy Elphick,1,1987,27,AFC Bournemouth,England,900000,2700000,1,12,1012,1,457,0,1,0,1,0,4,0,0,30,1,0,0,1,0,0,0,0,1,32,10,0,11,0,0,52,36,18
1373,Tommy Smith,3,1992,25,Huddersfield Town,England,1800000,2700000,1,24,1908,0,792,1,7,0,3,6,2,2,0,34,0,0,0,3,1,0,0,64,6,26,20,1,38,1,0,72,18,15
1374,Tommy Smith,4,1992,26,Huddersfield Town,England,2700000,2700000,1,15,1142,0,486,0,2,1,2,1,3,0,0,5,0,0,0,0,0,3,0,24,4,18,10,0,26,0,0,26,14,14
393,Denis Odoi,4,1988,30,Fulham,Belgium,1350000,2250000,1,31,2594,0,1332,1,4,0,2,1,10,1,0,59,0,0,0,0,2,9,0,13,24,42,37,0,48,0,1,144,55,53
384,Dejan Lovren,3,1989,28,Liverpool,Croatia,15300000,18000000,1,29,2125,2,1803,1,4,0,5,2,14,4,0,86,2,0,0,0,0,10,0,4,15,38,15,0,26,1,0,142,104,60
383,Dejan Lovren,2,1989,27,Liverpool,Croatia,13500000,15300000,1,29,2554,2,2001,1,6,0,0,2,15,5,0,112,1,0,0,1,1,0,0,7,16,45,25,0,41,1,0,182,103,57
534,Glen Johnson,2,1984,31,Stoke City,England,6300000,4500000,1,23,1955,0,740,0,1,0,2,0,8,4,0,24,0,0,0,0,1,1,0,32,11,38,12,0,49,1,0,65,22,12
535,Glen Johnson,1,1984,30,Stoke City,England,6300000,6300000,1,25,2186,0,895,3,1,0,0,2,17,0,0,18,0,0,0,4,2,0,0,56,13,51,11,0,41,0,0,27,17,11
1326,Steve Cook,1,1991,24,AFC Bournemouth,England,1800000,4500000,1,36,3195,4,1577,0,5,0,0,1,25,8,0,188,2,0,0,2,0,0,0,1,35,84,16,0,33,0,0,298,123,64
660,Jan Vertonghen,4,1987,31,Tottenham,Belgium,28800000,25200000,1,22,1914,0,1531,0,3,1,0,3,15,2,0,36,1,0,0,1,0,13,0,28,11,32,10,0,38,0,0,72,51,27
1300,Simon Francis,3,1985,32,AFC Bournemouth,England,2250000,2250000,1,32,2707,0,1606,1,8,1,1,2,13,1,0,99,0,0,0,0,1,12,2,78,18,49,24,0,49,2,0,176,142,75
671,Javier Manquillo,4,1994,24,Newcastle United,Spain,5000000,5000000,1,18,1099,0,352,3,2,0,6,2,2,1,0,18,0,0,0,1,1,1,0,28,1,17,13,0,27,0,0,48,19,20
670,Javier Manquillo,3,1994,23,Newcastle United,Spain,4000000,5000000,1,21,1759,0,540,1,2,0,1,2,0,0,0,23,0,0,0,2,0,0,0,30,6,18,24,0,36,0,0,49,22,19
669,Javier Manquillo,2,1994,22,Sunderland,Spain,5000000,4000000,1,20,1428,0,425,0,2,0,5,2,3,1,0,21,0,0,0,5,0,0,0,34,5,24,14,0,30,0,0,49,17,14
664,Jason Denayer,2,1995,21,Sunderland,Belgium,3300000,6600000,1,24,1878,0,586,0,2,0,2,5,6,2,0,44,0,0,0,0,0,0,0,10,19,34,17,0,35,0,1,80,27,35
663,Jannik Vestergaard,4,1992,25,Southampton,Denmark,12600000,18000000,1,23,2030,0,845,0,2,0,0,3,14,0,0,103,0,0,0,1,3,14,0,0,20,35,17,0,53,0,0,171,84,53
662,Jan Vertonghen,1,1987,28,Tottenham,Belgium,17100000,20100000,1,29,2595,0,1474,0,5,0,0,1,11,2,0,107,0,0,0,0,0,0,0,2,18,63,17,0,48,0,0,174,54,36
661,Jan Vertonghen,3,1987,30,Tottenham,Belgium,25200000,28800000,1,36,3205,0,2488,0,4,0,0,2,24,4,1,85,0,0,0,0,2,20,0,15,11,60,20,0,64,0,0,170,118,66
659,Jan Vertonghen,2,1987,29,Tottenham,Belgium,20100000,25200000,1,33,2897,0,2051,0,5,0,0,3,14,4,2,128,0,0,0,0,1,0,0,9,21,42,21,0,43,2,0,230,106,34
1325,Steve Cook,3,1991,26,AFC Bournemouth,England,4500000,6300000,1,34,2766,2,1321,1,5,0,3,2,22,6,1,122,2,0,0,1,0,16,0,6,45,54,22,1,37,3,1,225,137,68
658,Jan Kirchhoff,1,1990,24,Sunderland,Germany,1800000,2700000,1,15,1083,0,553,0,0,0,1,10,8,0,0,27,0,0,0,0,0,0,0,5,3,35,20,0,51,0,0,49,35,42
657,Jan Bednarek,4,1996,22,Southampton,Poland,4500000,13500000,1,25,2150,0,822,1,7,0,1,1,5,1,0,76,0,0,0,0,3,4,0,1,27,71,22,1,41,0,0,168,80,61
1301,Simon Francis,1,1985,30,AFC Bournemouth,England,900000,2250000,1,38,3387,0,2106,4,5,1,0,0,7,1,0,129,0,0,0,2,0,0,11,100,21,88,35,0,105,0,0,206,108,62
1302,Simon Francis,2,1985,31,AFC Bournemouth,England,2250000,2250000,1,34,2940,0,1656,1,4,1,0,2,7,0,0,134,0,0,0,0,0,0,18,66,19,53,27,0,62,3,0,219,115,80
1303,Simon Francis,4,1985,33,AFC Bournemouth,England,2250000,1800000,1,17,1227,0,654,2,1,0,4,1,3,1,0,40,0,0,0,3,0,2,1,32,7,19,11,0,25,0,0,66,47,40
1356,Toby Alderweireld,2,1989,27,Tottenham,Belgium,24500000,31500000,1,30,2604,1,1522,0,1,0,0,3,28,9,1,84,0,0,0,0,1,1,0,6,21,26,9,0,41,1,0,162,42,45
648,James Tomkins,4,1989,29,Crystal Palace,England,7200000,7200000,1,29,2562,0,1111,0,6,0,0,3,22,7,0,98,0,0,0,1,0,15,0,0,10,34,16,0,33,2,0,182,91,91
1355,Toby Alderweireld,4,1989,29,Tottenham,Belgium,36000000,36000000,1,34,2923,0,2358,0,3,0,1,3,19,5,1,79,0,0,0,1,6,14,0,6,22,24,10,1,37,0,1,167,54,47
1353,Timothy Fosu-Mensah,4,1998,20,Fulham,Netherlands,6300000,6300000,1,12,794,0,406,0,3,0,2,4,4,1,0,10,0,0,0,0,1,3,0,15,5,12,7,0,18,1,1,25,7,13
441,Eric Bailly,4,1994,24,Manchester United,Cote D'Ivoire,31500000,22500000,1,12,639,0,302,0,0,1,4,2,3,1,0,11,0,0,0,0,0,2,0,0,4,13,5,0,15,0,0,37,13,4
433,Emerson,4,1994,24,Chelsea,Italy,18000000,13500000,1,10,660,0,436,0,0,0,3,0,5,1,0,3,0,0,0,0,2,4,0,28,1,8,8,0,14,0,0,8,5,9
722,John Stones,4,1994,24,Manchester City,England,45000000,54000000,1,24,1763,0,1751,0,0,0,4,2,5,0,0,41,0,0,0,1,0,5,0,2,9,14,6,0,16,0,0,60,59,30
362,David Luiz,2,1987,29,Chelsea,Brazil,25200000,27000000,1,33,2956,0,1570,0,6,0,0,2,31,10,0,101,0,0,1,3,7,0,0,6,14,64,29,0,42,0,0,171,60,39
378,DeAndre Yedlin,4,1993,25,Newcastle United,United States,7200000,7200000,1,29,2474,1,732,2,6,0,0,2,11,2,0,33,0,0,0,4,0,9,0,77,10,28,41,0,54,0,1,71,30,41
377,DeAndre Yedlin,1,1993,22,Sunderland,United States,1350000,2700000,1,23,1812,0,519,0,2,0,2,3,4,1,0,36,0,0,0,0,0,0,0,41,13,25,21,0,39,0,0,89,24,30
376,DeAndre Yedlin,3,1993,24,Newcastle United,United States,4500000,7200000,1,34,2842,0,1000,2,5,0,3,0,0,0,0,40,0,0,0,9,2,0,0,73,7,44,32,2,57,0,1,93,47,50
372,Davinson Sánchez,3,1996,21,Tottenham,Colombia,22500000,36000000,1,31,2535,0,1867,0,1,1,2,2,1,1,0,81,0,0,0,0,0,0,0,3,10,38,25,0,38,0,1,159,73,62
371,Davinson Sánchez,4,1996,22,Tottenham,Colombia,36000000,49500000,1,23,1943,1,1440,1,0,0,0,2,14,3,0,58,0,0,0,0,0,11,0,0,9,30,20,0,37,1,0,101,66,50
370,Davide Zappacosta,3,1992,25,Chelsea,Italy,9350000,22000000,1,22,1095,1,445,1,0,0,10,7,25,11,1,13,0,0,0,5,0,14,1,84,2,6,7,0,26,0,0,20,14,6
364,David Luiz,3,1987,30,Chelsea,Brazil,27000000,22500000,1,10,839,1,492,0,4,1,1,0,11,4,0,23,0,0,0,0,0,7,0,1,5,24,12,0,18,0,0,41,17,16
363,David Luiz,4,1987,31,Chelsea,Brazil,22500000,18000000,1,36,3239,3,2620,2,3,0,0,1,34,8,1,83,3,0,0,0,41,26,0,4,18,35,34,1,41,1,0,144,82,72
359,Daryl Janmaat,1,1989,26,Newcastle United,Netherlands,6750000,6750000,1,31,2755,2,1252,4,5,1,0,3,19,8,0,44,0,0,0,5,3,0,3,144,8,56,29,0,80,0,0,83,27,28
1351,Timm Klose,1,1988,27,Norwich City,Switzerland,2700000,4950000,1,10,849,1,257,0,3,0,0,2,3,1,0,73,1,0,0,0,0,0,0,0,10,24,6,0,14,0,0,102,40,16
358,Daryl Janmaat,2,1989,27,Watford,Netherlands,6750000,6300000,1,27,1615,2,604,1,2,0,9,6,26,8,1,20,0,0,0,5,1,1,0,52,3,20,17,0,45,0,0,35,21,21
357,Daryl Janmaat,4,1989,29,Watford,Netherlands,5400000,5400000,1,18,1522,0,599,2,3,0,1,2,11,1,0,27,0,0,0,1,1,10,0,61,6,32,16,0,36,0,0,61,20,13
356,Daryl Janmaat,3,1989,28,Watford,Netherlands,6300000,5400000,1,23,1822,3,768,0,3,0,2,4,24,10,1,26,1,0,0,0,0,14,0,68,5,33,14,0,46,0,0,53,27,17
1375,Trent Alexander-Arnold,4,1998,20,Liverpool,England,22500000,72000000,1,29,2466,1,1697,12,3,0,2,7,29,9,3,22,0,0,1,4,3,20,74,201,3,35,14,0,61,0,0,62,9,23
1376,Trent Alexander-Arnold,3,1998,19,Liverpool,England,1350000,22500000,1,19,1575,1,1007,1,3,0,1,4,12,5,0,11,0,0,0,3,3,7,11,102,5,28,12,0,37,0,0,39,5,17
346,Danny Simpson,2,1987,29,Leicester City,England,4500000,4500000,1,35,2990,0,1092,2,12,0,0,3,2,0,0,80,0,0,0,2,0,0,0,26,11,68,35,0,50,0,0,142,52,66
345,Danny Simpson,3,1987,30,Leicester City,England,4500000,4500000,1,28,2313,0,904,0,4,0,1,7,1,1,0,53,0,0,0,0,2,0,0,23,19,34,21,0,38,1,0,94,40,46
344,Danny Simpson,1,1987,28,Leicester City,England,1800000,4500000,1,30,2613,0,869,0,3,0,0,3,7,2,0,65,0,0,0,0,0,0,0,29,17,94,29,0,52,0,0,125,59,53
379,Declan Rice,4,1999,19,West Ham United,England,9000000,40000000,1,34,3004,2,1518,0,4,0,0,2,22,5,1,22,0,0,0,1,2,17,0,3,12,52,17,0,98,0,0,54,55,42
380,Declan Rice,3,1999,18,West Ham United,England,450000,9000000,1,26,1423,0,573,0,1,0,11,3,0,0,0,33,0,0,0,0,1,0,0,5,13,27,5,0,36,1,0,70,0,35
381,Dejan Lovren,1,1989,26,Liverpool,Croatia,11700000,13500000,1,24,1897,0,1052,0,2,0,2,3,22,6,0,83,0,0,0,0,0,0,0,4,14,37,23,0,34,1,0,153,80,21
382,Dejan Lovren,4,1989,29,Liverpool,Croatia,18000000,18000000,1,13,986,1,821,0,1,0,2,1,6,1,0,27,0,0,0,0,1,5,0,4,7,11,3,0,15,0,0,51,53,25
1352,Timothy Fosu-Mensah,3,1998,19,Crystal Palace,Netherlands,2250000,6300000,1,21,1594,0,612,0,2,0,4,2,0,0,0,33,0,0,0,0,0,0,0,17,9,31,18,1,42,0,0,66,19,22
430,Eliaquim Mangala,3,1991,26,Manchester City,France,13500000,13500000,1,11,618,0,413,0,0,0,5,1,0,0,0,12,0,0,0,0,1,0,0,0,3,3,3,0,7,1,0,28,14,14
429,Eliaquim Mangala,1,1991,24,Manchester City,France,25200000,20600000,1,22,2010,0,1003,0,8,0,0,2,7,1,0,55,0,0,0,0,0,0,0,2,7,66,36,2,32,1,0,120,41,21
1354,Toby Alderweireld,1,1989,26,Tottenham,Belgium,13500000,24500000,1,38,3419,4,2076,2,3,0,0,1,41,14,0,143,3,0,0,1,2,1,0,16,33,66,9,0,45,0,0,285,59,39
1338,Steven Taylor,1,1986,29,Newcastle United,England,2700000,1250000,1,10,810,0,324,0,1,0,1,1,0,0,0,23,0,0,0,0,0,0,0,0,12,17,3,0,3,0,0,37,7,8
647,James Tomkins,2,1989,27,Crystal Palace,England,6300000,6300000,1,24,1976,3,728,0,4,0,0,5,14,4,0,69,0,0,0,0,0,3,0,3,13,37,10,0,28,0,0,124,58,40
1298,Shkodran Mustafi,3,1992,25,Arsenal,Germany,27000000,22500000,1,27,2274,3,1734,1,6,0,2,2,13,6,0,112,2,0,0,2,5,7,0,12,15,57,26,1,64,2,0,171,122,74
1146,Phil Jones,2,1992,24,Manchester United,England,12600000,12600000,1,18,1585,0,791,0,2,0,0,1,3,0,0,88,0,0,0,0,0,0,0,1,16,27,9,1,34,0,0,138,46,21
1319,Stephan Lichtsteiner,4,1984,34,Arsenal,Switzerland,1350000,900000,1,14,940,0,480,0,3,0,4,6,1,0,0,16,0,0,0,2,0,1,0,30,4,9,11,0,15,1,0,23,22,20
1321,Stephen Kingsley,2,1994,22,Swansea City,Scotland,550000,825000,1,13,1036,0,434,0,0,0,1,1,4,1,0,7,0,0,0,0,0,0,0,47,4,8,3,0,12,0,0,24,7,12
554,Håvard Nordtveit,2,1990,26,West Ham United,Norway,6600000,5500000,1,16,956,0,413,1,2,0,5,3,7,1,0,15,0,0,0,0,0,0,0,9,4,24,11,0,18,0,0,25,19,7
1106,Pape Souaré,1,1990,25,Crystal Palace,Senegal,4500000,5850000,1,34,3014,0,1165,1,6,0,0,1,11,1,0,40,0,0,0,0,0,0,0,137,16,84,25,0,32,0,0,122,26,24
1322,Stephen Ward,3,1985,32,Burnley,Ireland,1350000,2700000,1,28,2462,1,923,1,1,0,0,2,1,1,0,47,0,0,0,3,0,0,0,82,12,42,11,0,39,0,0,102,59,28
1323,Stephen Ward,2,1985,30,Burnley,Ireland,900000,1350000,1,37,3232,1,1130,1,5,0,0,3,7,1,0,85,0,0,0,0,0,0,0,111,16,74,35,0,70,0,0,153,64,57
590,Isaac Hayden,4,1995,23,Newcastle United,England,6300000,7200000,1,25,1864,1,720,4,3,1,4,6,22,5,0,16,0,0,0,0,5,17,0,11,4,40,32,0,73,0,0,28,54,40
1141,Phil Jagielka,3,1982,35,Everton,England,1800000,1350000,1,25,2065,0,966,0,2,0,2,2,2,2,0,89,0,0,0,0,0,0,0,4,20,39,8,0,33,0,0,177,67,42
642,James Tarkowski,3,1992,25,Burnley,England,1800000,13500000,1,31,2790,0,1091,0,5,0,0,0,18,5,0,143,0,0,0,3,0,13,0,4,43,50,25,0,46,0,0,219,147,62
1140,Phil Jagielka,2,1982,33,Everton,England,3100000,1800000,1,27,2249,3,1216,2,4,0,2,2,14,6,0,127,2,0,0,0,0,0,0,1,24,41,13,2,43,0,0,208,90,54
625,James Collins,3,1983,34,West Ham United,Wales,2200000,1100000,1,13,1050,1,389,0,3,0,1,1,1,1,0,71,1,0,0,0,0,0,0,0,10,16,13,0,15,1,0,118,47,34
624,James Collins,1,1983,31,West Ham United,Wales,2200000,2200000,1,19,1440,0,574,0,3,1,3,1,13,4,0,96,0,0,0,1,0,0,0,0,22,19,12,0,18,0,0,151,51,27
623,James Collins,2,1983,32,West Ham United,Wales,2200000,2200000,1,22,1654,2,580,0,3,0,3,1,11,4,0,96,1,0,0,1,0,0,0,0,18,38,7,1,21,1,0,147,59,28
622,James Chester,1,1989,26,West Bromwich Albion,Wales,3600000,4500000,1,13,962,0,327,0,5,0,4,2,0,0,0,31,0,0,0,0,2,0,0,14,5,24,11,0,32,0,0,50,21,13
621,Jamaal Lascelles,4,1993,24,Newcastle United,England,13500000,13500000,1,32,2745,0,1104,1,4,0,0,3,11,1,0,104,0,0,0,1,2,10,0,2,28,39,16,2,32,2,0,213,92,46
620,Jamaal Lascelles,3,1993,24,Newcastle United,England,4500000,13500000,1,33,2928,3,1184,0,5,0,1,1,12,8,0,140,3,0,0,0,0,4,0,2,24,28,16,2,31,0,0,230,128,60
619,Jamaal Lascelles,1,1993,21,Newcastle United,England,3600000,3600000,1,18,1148,2,486,0,1,1,8,0,4,4,0,54,2,0,0,0,0,0,0,1,13,28,11,0,12,1,0,77,42,13
612,Jack Stephens,2,1994,22,Southampton,England,225000,3150000,1,17,1469,0,729,1,1,0,2,0,4,0,0,45,0,0,0,1,2,0,0,4,19,24,15,0,22,0,0,79,29,39
611,Jack Stephens,3,1994,23,Southampton,England,3150000,3150000,1,22,1979,2,928,0,6,1,0,0,11,4,0,54,1,0,0,2,1,7,0,9,18,41,13,2,29,0,0,105,45,34
610,Jack Stephens,4,1994,24,Southampton,England,3150000,7200000,1,24,1697,0,767,0,4,0,5,2,7,5,0,50,0,0,0,0,0,2,0,2,13,37,11,0,25,0,0,94,56,42
609,Jack Rodwell,2,1991,25,Sunderland,England,6300000,4500000,1,20,1493,0,570,1,4,0,3,4,19,5,0,26,0,0,0,1,3,1,0,8,8,19,23,0,38,0,0,51,32,24
608,Jack Rodwell,1,1991,24,Sunderland,England,8100000,6300000,1,22,1158,1,446,0,5,0,13,1,25,7,0,8,0,0,0,2,2,3,0,6,7,14,17,0,25,0,0,17,25,18
606,Jack Cork,4,1989,29,Burnley,England,13500000,13500000,1,37,3313,1,1329,2,6,0,0,1,17,2,0,32,0,0,0,4,3,15,1,14,16,29,30,0,51,0,0,79,52,79
600,Ivo Pinto,1,1990,25,Norwich City,Portugal,3600000,3600000,1,10,811,0,306,0,0,0,1,0,0,0,0,12,0,0,0,3,0,0,0,31,2,21,9,0,17,0,0,28,5,14
1307,Sokratis,4,1988,30,Arsenal,Greece,18000000,18000000,1,25,2199,1,1387,2,12,0,0,1,11,2,0,43,0,0,0,0,1,9,0,0,17,26,37,0,42,0,0,108,56,45
598,Issa Diop,4,1997,21,West Ham United,France,19800000,31500000,1,33,2970,1,1134,0,4,0,0,0,12,5,0,72,1,0,0,3,0,7,0,0,36,64,18,0,68,1,1,155,76,49
1308,Sol Bamba,4,1985,33,Cardiff City,Cote D'Ivoire,900000,900000,1,28,2475,4,550,1,7,0,0,1,22,7,2,79,0,0,0,3,1,15,0,1,32,81,35,0,74,3,0,175,94,46
778,Joseph Gomez,4,1997,21,Liverpool,England,19800000,31500000,1,16,1060,0,787,0,2,0,4,1,5,1,0,17,0,0,0,0,0,4,0,7,5,14,12,0,17,0,0,39,24,19
1145,Phil Jones,4,1992,26,Manchester United,England,18000000,18000000,1,18,1262,0,754,1,1,0,3,3,5,2,0,28,0,0,0,0,0,3,0,1,11,23,8,1,19,0,0,62,46,18
646,James Tomkins,1,1989,26,West Ham United,England,5400000,6300000,1,25,1963,0,835,0,4,0,2,6,9,1,0,51,0,0,0,0,0,0,0,15,10,54,17,0,62,2,0,101,34,20
1144,Phil Jones,3,1992,25,Manchester United,England,12600000,18000000,1,23,1975,0,1083,0,2,0,0,2,0,0,1,80,0,0,0,0,0,0,0,2,17,41,10,0,25,0,1,129,57,22
567,Harry Maguire,2,1993,23,Hull City,England,2250000,7200000,1,29,2307,2,1182,2,5,0,4,3,34,10,0,101,1,0,0,3,1,0,0,15,27,63,24,0,54,0,0,141,69,29
1297,Shkodran Mustafi,2,1992,24,Arsenal,Germany,18000000,27000000,1,26,2275,2,1564,2,11,0,0,1,24,6,2,85,2,0,0,1,4,1,1,20,4,62,35,0,54,0,0,129,103,61
683,Jeffrey Schlupp,2,1992,23,Crystal Palace,Ghana,7200000,7200000,1,19,1136,0,349,0,0,0,7,4,3,0,0,26,0,0,0,0,0,0,1,15,4,26,4,0,35,0,0,49,23,18
720,John O'Shea,2,1981,35,Sunderland,Ireland,900000,900000,1,28,2160,0,686,1,5,0,2,5,3,2,0,95,0,0,0,0,0,0,0,0,17,39,17,0,29,0,0,150,58,47
719,John O'Shea,1,1981,34,Sunderland,Ireland,900000,900000,1,28,2008,0,590,0,2,0,5,3,7,3,0,101,0,0,0,0,0,0,0,0,11,39,19,0,32,0,0,183,51,17
714,Joel Ward,3,1989,28,Crystal Palace,England,4500000,4500000,1,19,1616,0,681,1,4,0,0,3,1,1,0,40,0,0,0,0,0,0,0,46,11,28,25,1,35,0,1,61,0,25
713,Joel Ward,1,1989,25,Crystal Palace,England,3600000,4500000,1,30,2692,2,1001,0,4,0,0,1,17,0,0,59,0,0,0,0,0,0,0,56,14,69,36,0,62,0,0,109,55,41
712,Joel Ward,2,1989,26,Crystal Palace,England,4500000,4500000,1,38,3418,0,1300,1,7,0,0,0,14,2,0,76,0,0,0,0,1,1,0,78,11,59,37,0,89,0,0,133,62,43
711,Joel Matip,2,1991,25,Liverpool,Cameroon,16200000,22500000,1,29,2456,0,1699,0,3,0,2,0,26,4,3,81,1,0,0,0,1,0,0,5,12,47,14,0,47,1,0,153,63,40
710,Joel Matip,4,1991,27,Liverpool,Cameroon,22500000,27000000,1,22,1535,1,1341,0,3,0,5,0,8,2,0,44,1,0,0,0,4,6,0,0,7,31,11,0,39,0,0,76,66,28
709,Joel Matip,3,1991,26,Liverpool,Cameroon,22500000,22500000,1,25,1995,1,1655,0,3,0,3,0,11,2,1,58,0,0,0,0,1,9,0,0,15,35,19,0,35,1,0,96,57,21
704,Joe Bryan,4,1993,24,Fulham,England,5400000,5400000,1,28,2347,0,951,1,5,0,1,6,21,7,0,34,0,0,0,2,1,14,15,115,12,31,25,0,61,1,0,70,31,37
703,Joe Bennett,4,1990,28,Cardiff City,England,1800000,2700000,1,30,2641,0,694,1,5,0,0,2,10,3,0,30,0,0,0,1,2,7,1,43,8,60,20,0,50,0,0,84,35,17
1135,Phil Bardsley,1,1985,30,Stoke City,Scotland,1800000,1350000,1,11,816,0,300,1,1,0,2,1,7,2,0,12,0,0,0,0,1,0,0,14,8,18,12,1,31,0,0,32,12,3
1136,Phil Bardsley,4,1985,33,Burnley,Scotland,1350000,1350000,1,19,1672,0,555,0,9,0,0,2,12,1,0,28,0,0,0,0,0,11,0,37,12,31,22,1,32,0,1,66,32,28
1137,Phil Bardsley,3,1985,32,Burnley,Scotland,1350000,1350000,1,13,1125,0,418,0,5,0,0,1,2,2,0,32,0,0,0,0,0,0,0,19,6,22,22,0,17,0,0,66,29,27
1138,Phil Bardsley,2,1985,31,Stoke City,Scotland,1350000,1350000,1,15,1170,0,397,0,4,1,1,3,11,2,0,10,0,0,0,0,0,0,0,28,6,27,25,0,32,0,0,27,8,16
686,Jeffrey Schlupp,3,1992,25,Crystal Palace,Ghana,7200000,8100000,1,24,1748,0,654,1,3,0,3,6,15,2,0,29,0,0,0,0,0,13,0,31,8,24,18,0,57,0,0,54,39,51
685,Jeffrey Schlupp,4,1992,25,Crystal Palace,Ghana,8100000,9000000,1,30,1665,4,630,1,0,0,12,7,28,8,0,13,0,0,0,1,3,20,0,17,8,19,25,0,41,0,0,21,54,61
684,Jeffrey Schlupp,1,1992,22,Leicester City,Ghana,5400000,7200000,1,15,1383,1,461,2,4,0,10,5,26,6,0,13,0,0,0,0,0,0,0,45,1,31,15,0,46,0,0,21,26,28
645,James Tomkins,3,1989,28,Crystal Palace,England,6300000,7200000,1,28,2388,3,888,0,8,0,1,2,23,10,2,108,1,0,0,0,0,13,0,1,12,63,20,1,47,1,0,213,116,66
644,James Tarkowski,2,1992,23,Burnley,England,1800000,1800000,1,19,556,0,263,0,1,0,15,0,5,0,0,20,0,0,0,2,0,1,0,2,7,11,10,0,19,0,0,37,26,19
643,James Tarkowski,4,1992,25,Burnley,England,13500000,16200000,1,35,3087,3,1135,0,8,0,0,1,22,10,0,138,0,0,0,4,0,12,0,5,56,42,35,0,71,0,0,235,169,78
1142,Phil Jagielka,1,1982,32,Everton,England,4000000,3100000,1,21,1851,0,1036,0,0,0,0,2,9,1,1,92,0,0,0,0,0,2,0,3,21,50,9,0,39,3,0,170,58,38
1143,Phil Jones,1,1992,23,Manchester United,England,13500000,12600000,1,10,528,0,320,0,0,0,4,2,1,0,0,14,0,0,0,0,0,0,0,3,1,13,4,0,9,0,0,24,20,4
576,Hector Bellerin,3,1995,22,Arsenal,Spain,30000000,40000000,1,35,3051,2,1842,3,5,0,1,1,29,8,1,36,0,0,0,4,7,21,0,64,8,23,36,0,57,1,0,71,35,59
575,Hector Bellerin,2,1995,21,Arsenal,Spain,18000000,30000000,1,33,2499,1,1392,4,4,0,6,1,22,5,1,24,0,0,0,0,8,1,0,69,7,36,20,1,24,0,0,46,31,43
574,Hector Bellerin,4,1995,23,Arsenal,Spain,40000000,40000000,1,19,1533,0,785,5,0,0,1,3,18,4,0,20,0,0,0,1,6,14,0,39,5,20,16,0,15,0,1,33,21,24
573,Hector Bellerin,1,1995,20,Arsenal,Spain,5000000,18000000,1,36,3240,1,1689,5,3,0,0,0,13,3,1,37,0,0,0,1,9,0,0,109,7,66,19,0,58,0,0,85,39,39
568,Harry Maguire,3,1993,24,Leicester City,England,7200000,22500000,1,38,3420,2,1740,4,7,0,0,0,30,8,2,115,1,0,0,4,2,22,0,15,28,48,34,1,63,0,0,176,119,63
566,Harry Maguire,4,1993,25,Leicester City,England,22500000,45000000,1,31,2599,3,1747,0,6,1,0,2,30,13,1,77,1,0,0,4,2,17,0,1,18,37,20,2,31,1,0,152,118,33
1149,Philipp Wollscheid,1,1989,26,Stoke City,Germany,4500000,6750000,1,31,2685,0,1220,0,2,0,0,0,2,0,0,88,0,0,0,0,0,0,0,0,19,75,17,1,74,0,0,164,71,42
1296,Shkodran Mustafi,4,1992,26,Arsenal,Germany,22500000,22500000,1,31,2615,2,1765,0,9,0,0,6,18,9,0,106,2,0,0,4,4,9,0,11,17,58,42,0,62,1,0,161,123,62
501,Gaël Clichy,2,1985,31,Manchester City,France,8100000,6300000,1,25,2125,1,1454,0,2,0,1,3,2,1,0,45,0,0,0,1,3,0,0,26,2,53,12,0,44,0,0,86,30,40
1078,Nicolás Otamendi,3,1988,29,Manchester City,Argentina,27000000,31500000,1,34,2968,4,3074,0,9,0,1,2,32,10,2,76,2,0,0,0,3,22,0,2,10,48,28,0,58,3,1,122,79,68
1077,Nicolás Otamendi,4,1988,30,Manchester City,Argentina,31500000,22500000,1,18,1234,0,1245,0,0,0,4,1,15,3,0,23,0,0,0,0,0,12,0,1,4,29,8,0,24,1,0,55,41,25
1076,Nicolás Otamendi,2,1988,28,Manchester City,Argentina,28500000,27000000,1,30,2592,1,1945,1,9,0,1,1,15,3,0,140,1,0,0,1,5,0,0,3,15,84,30,0,69,0,0,190,117,67
1075,Nicolás Otamendi,1,1988,27,Manchester City,Argentina,22200000,28500000,1,30,2672,1,1569,0,9,0,0,1,27,8,0,123,1,0,0,0,0,0,0,1,13,104,31,0,90,0,0,209,90,49
1070,Neil Taylor,1,1989,26,Swansea City,Wales,4950000,5500000,1,34,2947,0,1284,0,4,0,1,1,9,0,0,36,0,0,0,0,0,0,0,73,11,63,38,0,41,0,0,69,28,30
1069,Neil Taylor,2,1989,27,Swansea City,Wales,5500000,5500000,1,11,922,0,361,0,1,0,0,2,4,0,0,9,0,0,0,0,0,0,0,28,3,25,13,0,22,0,0,20,7,5
1067,Nathaniel Clyne,2,1991,25,Liverpool,England,18900000,18900000,1,37,3324,0,1795,2,0,0,0,1,26,5,1,18,0,0,0,1,1,1,0,97,2,43,14,0,80,1,0,54,13,43
1066,Nathaniel Clyne,4,1991,27,AFC Bournemouth,England,18000000,10800000,1,18,1253,0,518,1,2,0,4,4,5,1,0,9,0,0,0,0,2,4,0,21,3,18,9,1,37,0,0,28,6,12
1065,Nathaniel Clyne,1,1991,24,Liverpool,England,15300000,18900000,1,33,2970,1,1510,0,6,0,0,0,29,6,0,15,0,0,0,1,1,0,0,81,8,52,19,0,84,0,0,57,11,21
1217,Russell Martin,1,1986,29,Norwich City,Scotland,2700000,2700000,1,30,2698,3,1118,0,4,1,0,0,18,6,0,116,0,0,0,0,0,0,0,18,23,37,32,0,41,1,0,201,46,32
1057,Nathan Ake,3,1995,22,AFC Bournemouth,Netherlands,7200000,13500000,1,38,3353,2,1589,3,5,0,1,1,18,8,1,136,0,0,0,2,0,10,0,5,24,48,27,2,53,0,0,229,105,92
1056,Nathan Ake,4,1995,23,AFC Bournemouth,Netherlands,13500000,27000000,1,38,3412,4,1696,0,0,0,0,1,25,9,1,127,3,0,0,2,1,16,0,6,35,32,28,1,66,0,0,230,88,73
1055,Nathan Ake,1,1995,20,Watford,Netherlands,1800000,4500000,1,24,1874,1,609,0,4,1,4,1,16,0,1,32,0,0,0,0,0,1,0,42,8,76,28,0,79,0,0,72,34,25
990,Maya Yoshida,4,1988,29,Southampton,Japan,6300000,6300000,1,17,1519,0,556,0,0,0,0,2,13,3,0,44,0,0,0,2,0,10,0,0,20,42,4,0,16,0,0,100,35,29
988,Maya Yoshida,3,1988,28,Southampton,Japan,4500000,6300000,1,24,2051,2,1062,0,2,1,1,1,19,4,1,83,1,0,0,0,0,15,0,2,14,41,19,1,27,0,0,130,67,39
900,Mamadou Sakho,4,1990,28,Crystal Palace,France,13500000,13500000,1,27,2417,0,1321,0,2,0,0,1,4,0,0,82,0,0,0,0,0,4,0,0,16,41,5,0,25,0,0,132,51,37
1118,Paul Dummett,3,1991,26,Newcastle United,Wales,3850000,3850000,1,20,1603,0,599,0,1,0,1,2,0,0,0,56,0,0,0,0,1,0,0,22,10,23,8,0,28,1,0,92,55,35
950,Martín Montoya,4,1991,27,Brighton and Hove Albion,Spain,9000000,7200000,1,25,2166,0,858,1,0,0,1,0,8,1,1,24,0,0,0,0,1,7,0,36,10,48,29,0,58,0,0,63,24,27
1235,Sébastien Pocognoli,1,1987,27,West Bromwich Albion,Cameroon,1800000,675000,1,32,2789,1,882,0,4,0,2,1,20,3,0,166,0,0,0,3,0,1,0,2,19,53,25,1,27,2,0,256,95,41
943,Markus Suttner,3,1987,30,Brighton and Hove Albion,Austria,2200000,2750000,1,14,1178,0,438,0,0,0,1,0,0,0,0,20,0,0,0,0,1,0,4,45,2,12,5,0,25,0,0,37,14,13
1113,Patrick van Aanholt,3,1990,26,Crystal Palace,Netherlands,8100000,8100000,1,28,2185,5,882,1,7,0,3,4,33,11,0,24,0,0,0,3,3,22,11,56,5,47,18,0,47,0,0,56,6,5
1114,Patrick van Aanholt,1,1990,24,Sunderland,Netherlands,3150000,5400000,1,33,2970,4,1067,3,2,0,0,0,46,9,2,33,0,0,1,4,0,3,3,56,10,63,16,2,85,1,0,102,14,16
1115,Patrick van Aanholt,4,1990,27,Crystal Palace,Netherlands,8100000,9000000,1,36,3197,3,1610,2,3,0,0,3,45,11,0,30,0,0,0,10,5,34,2,42,9,40,12,0,48,0,0,80,10,12
1116,Patrick van Aanholt,2,1990,25,Sunderland,Netherlands,5400000,8100000,1,32,2498,5,1001,1,3,0,4,4,34,13,0,34,0,0,0,6,2,0,15,78,9,58,15,0,43,0,0,65,10,17
1117,Paul Dummett,4,1991,26,Newcastle United,Wales,3850000,5500000,1,26,1987,0,758,0,1,0,5,1,9,1,0,73,0,0,0,1,0,8,1,32,10,37,11,0,34,0,0,123,61,27
1119,Paul Dummett,1,1991,23,Newcastle United,Wales,3850000,3850000,1,21,1896,1,673,0,3,0,0,5,5,1,1,56,0,0,0,0,0,0,1,34,12,42,13,0,54,0,0,88,47,31
987,Maya Yoshida,1,1988,26,Southampton,Japan,4500000,3600000,1,20,1014,0,485,0,0,0,10,2,2,2,0,27,0,0,0,0,0,0,0,7,9,33,7,2,13,3,0,67,22,10
926,Marcos Rojo,1,1990,25,Manchester United,Argentina,16200000,17100000,1,16,1253,0,700,1,3,0,1,6,8,1,0,18,0,0,0,0,0,0,0,53,5,28,20,0,43,0,0,32,30,24
925,Marcos Rojo,2,1990,26,Manchester United,Argentina,17100000,16200000,1,21,1660,1,951,0,5,0,3,1,14,4,0,83,0,0,0,0,0,0,0,10,6,33,24,0,29,0,0,143,46,28
1102,Pablo Zabaleta,2,1985,31,Manchester City,Argentina,9000000,6300000,1,20,1059,1,573,1,2,0,9,3,7,2,0,29,0,0,0,5,0,0,0,15,0,24,14,0,41,0,0,42,24,16
1103,Pablo Zabaleta,1,1985,30,Manchester City,Argentina,16200000,9000000,1,13,1062,0,575,0,3,0,0,0,3,1,0,22,0,0,0,2,0,0,0,19,2,25,15,0,43,0,0,35,18,14
1105,Pablo Zabaleta,4,1985,33,West Ham United,Argentina,4500000,3150000,1,26,2091,0,860,1,4,0,3,3,7,0,0,51,0,0,0,0,0,7,0,48,15,48,17,0,47,0,0,86,47,53
1054,Nathan Ake,2,1995,21,AFC Bournemouth,Netherlands,4500000,7200000,1,12,831,3,405,1,1,0,3,0,7,4,0,45,2,0,0,0,1,1,0,2,8,11,4,0,22,0,0,76,21,18
1280,Sebastien Bassong,1,1986,29,Norwich City,Austria,2700000,2700000,1,21,1776,2,509,0,5,0,2,0,13,0,0,30,1,0,0,0,0,1,0,1,14,64,23,0,23,0,0,93,29,24
500,Gaël Clichy,1,1985,30,Manchester City,France,9900000,8100000,1,14,1088,0,693,0,0,0,2,2,2,0,1,17,0,0,0,0,1,0,0,27,3,50,10,0,28,0,0,40,12,9
1281,Serge Aurier,3,1992,25,Tottenham,Cote D'Ivoire,16500000,22000000,1,17,1429,2,776,2,1,1,1,1,15,6,0,33,1,0,0,2,1,9,0,68,1,31,21,1,48,0,0,48,48,29
771,José Holebas,3,1984,33,Watford,Greece,1800000,1800000,1,28,2381,0,958,4,7,0,2,2,17,3,0,43,0,0,0,0,0,14,92,210,8,29,37,0,51,1,0,81,45,35
770,José Holebas,4,1984,34,Watford,Greece,1800000,1800000,1,28,2394,3,833,6,0,1,1,1,17,5,1,46,0,0,0,2,0,12,115,209,8,21,34,1,68,0,0,79,62,41
892,Luke Shaw,4,1995,23,Manchester United,England,13500000,27000000,1,29,2592,0,1658,4,11,0,0,1,21,7,0,39,0,0,0,1,2,14,15,52,12,21,42,0,55,0,0,80,49,28
899,Mamadou Sakho,1,1990,25,Liverpool,France,16200000,16200000,1,22,1855,1,1243,0,1,0,1,2,6,1,0,90,0,0,0,0,0,1,0,0,22,37,9,0,30,0,0,137,75,45
343,Danny Rose,1,1990,25,Tottenham,England,9900000,12600000,1,24,2132,1,1062,3,7,0,0,3,26,4,0,54,0,0,0,0,1,2,0,88,11,39,41,0,67,1,0,79,23,20
1012,Miguel Britos,1,1985,30,Watford,Uruguay,3150000,3150000,1,24,2076,0,786,0,7,0,0,3,6,0,0,57,0,0,0,0,0,0,0,2,15,60,19,0,25,1,0,126,62,36
1049,Nacho Monreal,1,1986,29,Arsenal,Spain,12000000,15000000,1,37,3248,0,1844,3,1,0,1,0,12,0,0,58,0,0,0,2,4,1,0,99,11,105,28,0,80,0,0,114,69,54
1032,Moritz Bauer,3,1992,25,Stoke City,Austria,2530000,5500000,1,15,1308,0,286,0,4,0,0,3,1,1,0,15,0,0,0,1,0,0,0,39,1,12,19,0,24,0,0,40,19,22
1219,Ryan Bennett,1,1990,25,Norwich City,England,1350000,1800000,1,22,1838,0,562,0,7,0,2,2,8,3,0,99,0,0,0,1,0,0,0,0,14,36,14,0,20,0,1,172,58,33
1220,Ryan Bennett,4,1990,28,Wolves,England,1800000,1800000,1,34,3060,1,1346,0,12,0,0,0,15,4,0,75,1,0,0,1,1,11,0,1,21,43,37,0,58,1,0,124,123,94
1221,Ryan Bertrand,1,1989,25,Southampton,England,9000000,12600000,1,32,2880,1,1121,3,6,0,0,0,12,2,0,47,0,1,0,0,1,1,52,146,7,72,30,0,43,0,0,88,37,32
924,Marcos Alonso,3,1990,27,Chelsea,Spain,25000000,40000000,1,33,2860,7,1347,2,6,0,0,5,65,23,0,28,2,0,2,8,0,42,0,96,5,47,26,0,51,1,0,60,61,54
1222,Ryan Bertrand,2,1989,26,Southampton,England,12600000,18000000,1,28,2508,2,1307,4,3,0,0,1,19,6,0,30,1,0,0,2,2,0,12,99,10,45,24,0,37,0,0,46,42,44
1013,Miguel Britos,3,1985,32,Watford,Uruguay,3150000,3150000,1,12,798,1,388,0,3,1,2,2,2,2,0,28,1,0,0,0,0,0,0,5,1,12,8,0,15,1,0,44,27,19
1011,Miguel Britos,2,1985,31,Watford,Uruguay,3150000,3150000,1,27,2283,1,1025,2,6,2,0,3,18,5,0,85,1,0,0,2,1,0,0,12,18,49,36,0,34,0,0,144,86,45
989,Maya Yoshida,2,1988,27,Southampton,Japan,3600000,4500000,1,23,2070,1,1126,0,2,0,0,0,15,7,0,81,0,0,0,0,0,0,0,8,14,47,18,0,30,0,0,144,75,56
1223,Ryan Bertrand,4,1989,28,Southampton,England,18000000,13500000,1,24,2160,1,774,0,8,0,0,0,16,2,1,17,0,0,0,0,1,14,30,93,5,27,26,0,46,0,0,44,38,44
1224,Ryan Bertrand,3,1989,28,Southampton,England,18000000,18000000,1,35,3136,0,1480,4,2,0,0,2,20,3,2,28,0,0,0,1,1,17,33,136,9,44,32,0,48,0,0,60,44,52
1228,Ryan Fredericks,4,1992,25,West Ham United,England,3600000,4500000,1,15,1085,1,436,0,5,0,3,2,5,2,0,22,0,0,0,1,0,3,0,20,5,13,9,1,38,1,0,39,20,12
1002,Michael Keane,3,1993,24,Everton,England,16200000,18000000,1,30,2560,0,1157,1,3,0,1,2,15,1,0,146,0,0,0,4,0,14,0,4,28,53,21,0,33,0,0,206,129,87
1001,Michael Keane,4,1993,25,Everton,England,18000000,27000000,1,33,2969,1,1592,2,2,0,0,1,31,9,1,115,1,0,0,0,0,22,0,4,22,43,22,1,41,1,0,183,192,125
1000,Michael Keane,2,1993,23,Burnley,England,7200000,16200000,1,35,3150,2,1128,1,4,0,0,0,23,8,0,176,1,0,0,1,0,0,0,3,44,63,14,0,28,0,0,260,152,78
999,Michael Dawson,2,1983,32,Hull City,England,3850000,2750000,1,22,1721,3,656,0,4,0,3,0,12,8,0,78,1,0,0,1,0,1,0,0,32,30,13,0,15,0,1,129,46,33
996,Micah Richards,1,1988,27,Aston Villa,England,5000000,4000000,1,23,2044,1,717,1,3,0,1,3,11,2,0,92,0,0,0,0,1,2,0,2,15,61,16,0,42,1,0,142,61,22
1050,Nacho Monreal,3,1986,31,Arsenal,Spain,13000000,13000000,1,28,2242,5,1719,2,3,0,2,3,22,8,1,41,1,0,0,2,0,14,0,31,8,56,19,1,54,1,0,74,62,63
1051,Nacho Monreal,2,1986,30,Arsenal,Spain,15000000,13000000,1,36,3153,0,1753,2,5,0,1,1,12,2,1,52,0,0,0,7,0,2,0,63,11,88,33,0,90,0,0,99,57,61
1052,Nacho Monreal,4,1986,32,Arsenal,Spain,13000000,9000000,1,22,1861,1,1168,3,5,0,1,1,7,4,0,27,0,0,0,1,0,3,0,28,10,31,17,0,35,0,0,54,36,39
1014,Mike van der Hoorn,3,1992,25,Swansea City,Netherlands,2200000,2750000,1,24,1949,1,858,0,4,0,0,8,10,5,0,67,1,0,0,0,0,5,0,8,14,39,22,1,32,0,0,123,57,45
923,Marcos Alonso,4,1990,27,Chelsea,Spain,40000000,40000000,1,31,2761,2,1881,4,6,0,0,2,45,7,6,46,0,0,0,2,2,38,0,98,2,39,28,0,74,0,0,86,66,54
1104,Pablo Zabaleta,3,1985,32,West Ham United,Argentina,6300000,4500000,1,37,3291,0,1153,1,9,0,0,2,1,1,0,79,0,0,0,0,1,0,0,71,13,61,33,0,96,0,1,124,58,57
917,Marc Muniesa,1,1992,23,Stoke City,Spain,3000000,3500000,1,15,1111,0,530,0,2,0,3,1,3,0,0,23,0,0,0,0,1,0,0,11,11,35,10,2,28,0,0,44,11,15
1343,Terence Kongolo,3,1994,23,Huddersfield Town,Netherlands,9000000,9000000,1,13,1047,0,311,0,0,0,2,0,0,0,0,31,0,0,0,0,0,0,0,10,6,32,5,0,33,0,0,64,28,13
1344,Terence Kongolo,4,1994,24,Huddersfield Town,Netherlands,9000000,13500000,1,32,2721,1,1149,1,4,0,0,6,14,4,0,38,1,0,0,2,1,10,0,28,16,65,20,1,74,1,1,97,54,36
467,Fabian Schär,4,1991,26,Newcastle United,Switzerland,2700000,7200000,1,24,2003,4,994,1,0,0,2,5,25,7,0,76,0,0,0,1,4,18,0,17,16,67,28,0,60,0,0,137,65,65
1350,Tim Ream,4,1987,30,Fulham,United States,3150000,3600000,1,26,2049,0,1053,0,0,0,0,5,0,0,0,36,0,0,0,0,0,0,0,0,10,24,12,0,23,1,0,77,47,43
463,Fabián Balbuena,4,1991,26,West Ham United,Paraguay,4500000,10800000,1,23,2014,1,832,0,0,0,0,1,19,2,1,82,0,0,0,0,1,17,0,1,15,53,19,1,40,0,0,172,70,62
462,Ezequiel Schelotto,3,1989,28,Brighton and Hove Albion,Italy,4950000,4950000,1,20,1315,0,455,0,3,0,5,3,2,2,0,30,0,0,0,0,1,0,0,33,3,19,8,0,20,0,0,51,27,19
455,Erik Pieters,1,1988,26,Stoke City,Netherlands,2700000,6300000,1,35,3096,0,1504,1,10,0,0,3,5,1,0,47,0,0,0,0,1,0,2,103,18,95,58,0,116,1,0,93,47,44
454,Erik Pieters,3,1988,29,Stoke City,Netherlands,6300000,5400000,1,31,2720,0,1000,1,5,0,1,3,1,1,0,48,0,0,0,2,0,0,0,64,25,61,58,0,71,1,0,106,53,46
453,Erik Pieters,2,1988,27,Stoke City,Netherlands,6300000,6300000,1,36,3151,0,1331,1,4,0,1,0,9,0,0,60,0,0,0,1,0,1,0,109,20,54,60,0,106,1,0,110,54,39
449,Erik Durm,4,1992,26,Huddersfield Town,Germany,900000,1800000,1,28,2052,0,774,1,0,0,7,3,9,0,1,12,0,0,0,1,0,9,1,66,6,41,13,0,35,0,0,37,22,36
443,Eric Bailly,2,1994,22,Manchester United,Cote D'Ivoire,18000000,27000000,1,25,2060,0,876,0,4,0,1,3,6,1,1,60,0,0,0,0,0,1,0,2,16,60,28,1,60,0,0,126,37,30
442,Eric Bailly,3,1994,23,Manchester United,Cote D'Ivoire,27000000,31500000,1,13,1000,1,426,0,2,0,2,0,1,1,0,14,0,0,0,0,1,0,0,0,6,25,10,0,17,0,1,56,17,8
488,Florent Hadergjonaj,3,1994,23,Huddersfield Town,Kosovo,2250000,4500000,1,23,1672,0,618,1,3,0,4,3,2,2,0,16,0,0,0,4,2,0,4,98,10,17,17,0,21,0,0,38,15,22
489,Florian Lejeune,4,1991,27,Newcastle United,France,7200000,7200000,1,12,1055,0,563,0,0,0,0,1,7,2,0,28,0,0,0,0,3,5,0,7,5,21,11,0,25,0,0,44,31,17
490,Florian Lejeune,3,1991,26,Newcastle United,France,4500000,7200000,1,24,2104,0,1071,2,3,0,0,1,13,3,0,81,0,0,0,2,2,10,0,4,15,46,17,1,33,0,0,146,83,51
1327,Steve Cook,4,1991,27,AFC Bournemouth,England,6300000,9000000,1,31,2787,1,1501,1,3,0,0,1,21,9,0,97,1,0,0,1,0,12,0,11,21,50,18,1,36,0,1,198,126,75
524,George Friend,2,1987,28,Middlesbrough,England,1650000,1650000,1,24,1960,0,780,2,4,0,4,0,15,1,0,49,0,0,0,0,0,0,0,37,11,56,28,0,62,1,0,80,47,38
522,Geoff Cameron,3,1985,32,Stoke City,United States,2700000,2250000,1,20,1524,0,506,0,2,0,3,3,0,0,0,23,0,0,0,0,0,0,0,9,8,36,16,1,34,0,0,61,39,32
521,Geoff Cameron,1,1985,30,Stoke City,United States,2700000,2700000,1,30,2361,0,1128,0,0,1,3,5,15,2,0,62,0,0,0,0,3,0,0,16,19,56,27,2,60,0,0,98,70,40
517,Gary Cahill,2,1985,30,Chelsea,England,14400000,14400000,1,37,3296,6,1849,0,5,0,1,1,24,10,0,110,3,0,0,2,1,0,0,1,19,46,34,0,53,2,1,167,91,56
516,Gary Cahill,1,1985,29,Chelsea,England,18000000,14400000,1,22,1955,2,773,0,2,0,2,0,13,4,0,58,0,0,0,1,1,0,0,0,34,36,17,2,22,0,1,114,69,38
515,Gary Cahill,3,1985,32,Chelsea,England,14400000,13500000,1,27,2084,0,1330,0,1,1,3,1,10,3,0,79,0,0,0,0,0,7,0,0,14,27,17,0,29,1,0,123,93,31
514,Gareth McAuley,1,1979,35,West Bromwich Albion,Northern Ireland,450000,900000,1,34,3059,1,849,0,4,1,0,0,7,3,1,96,1,0,0,2,1,0,0,4,28,95,32,2,45,0,0,172,93,46
513,Gareth McAuley,2,1979,36,West Bromwich Albion,Northern Ireland,900000,900000,1,36,3143,6,742,1,5,0,0,3,16,7,2,150,4,0,0,0,0,1,0,4,31,71,27,0,50,2,0,227,113,47
509,Gabriel Paulista,2,1990,25,Arsenal,Brazil,10800000,11700000,1,19,1516,0,872,0,6,0,4,2,9,2,0,48,0,0,0,0,0,1,0,8,9,30,20,0,25,0,0,85,49,39
508,Gabriel Paulista,1,1990,24,Arsenal,Brazil,10800000,10800000,1,21,1761,1,1110,0,4,1,3,0,11,4,1,48,1,0,0,0,1,0,0,0,13,61,9,3,43,0,0,112,51,32
922,Marcos Alonso,2,1990,25,Chelsea,Spain,9000000,25000000,1,31,2694,6,1250,3,2,0,1,2,46,16,4,40,1,0,1,3,2,2,0,102,5,44,25,0,56,0,0,76,73,41
503,Gaëtan Bong,4,1988,30,Brighton and Hove Albion,Cameroon,1350000,1800000,1,22,1805,0,602,0,0,0,3,0,2,0,0,16,0,0,0,0,0,2,0,57,6,25,11,0,16,0,0,45,24,32
502,Gaëtan Bong,3,1988,29,Brighton and Hove Albion,Cameroon,1350000,1350000,1,25,2238,0,772,0,2,0,0,2,1,1,0,37,0,0,0,0,0,0,0,53,6,40,16,0,39,1,1,71,30,28
472,Fabricio Coloccini,1,1982,33,Newcastle United,Argentina,1800000,1800000,1,26,2293,1,849,0,2,1,0,1,10,3,1,47,0,0,0,0,0,1,0,4,29,61,9,0,43,0,1,97,32,33
473,Federico Fernández,2,1989,27,Swansea City,Argentina,8100000,8100000,1,27,2430,0,1133,2,7,0,0,0,15,2,0,117,0,0,0,0,0,0,0,5,20,50,26,0,44,1,0,187,69,36
487,Florent Hadergjonaj,4,1994,24,Huddersfield Town,Kosovo,4500000,6300000,1,24,1840,0,726,0,1,0,5,3,6,2,0,11,0,0,0,2,2,4,0,91,7,21,11,0,30,1,0,27,23,23
975,Matteo Darmian,1,1989,25,Manchester United,Italy,10800000,13500000,1,28,1930,1,934,0,8,0,4,11,6,1,0,17,0,0,0,4,0,0,0,53,2,42,27,0,84,0,0,53,20,13
955,Martin Kelly,3,1990,27,Crystal Palace,England,3300000,3300000,1,15,1194,0,343,0,1,0,3,2,2,2,0,34,0,0,0,0,0,0,0,6,11,9,8,1,19,1,1,63,27,36
956,Martin Olsson,3,1988,29,Swansea City,Sweden,5500000,5500000,1,36,3154,0,1144,1,7,0,0,5,18,1,0,27,0,0,0,2,0,17,0,163,4,31,27,0,34,0,0,67,47,34
957,Martin Olsson,1,1988,27,Norwich City,Sweden,4400000,3850000,1,20,1773,1,479,2,2,0,4,2,7,6,0,41,0,0,0,0,0,0,1,72,5,25,18,0,26,1,0,66,27,21
958,Martin Olsson,2,1988,28,Swansea City,Sweden,3850000,5500000,1,15,1253,2,496,0,2,0,1,2,9,4,0,30,0,0,0,0,0,0,0,59,4,10,12,0,10,0,0,49,21,21
986,Maxime Le Marchand,4,1989,28,Fulham,France,3600000,4500000,1,26,2252,0,1386,1,5,0,1,2,5,0,0,48,0,0,0,3,1,5,0,17,16,54,28,0,56,1,0,122,56,45
1231,Ryan Sessegnon,4,2000,18,Fulham,England,31500000,31500000,1,35,2294,2,687,6,0,0,9,7,28,11,0,11,0,0,0,15,5,17,27,66,2,19,20,0,23,0,0,38,18,40
1232,Ryan Shawcross,1,1987,27,Stoke City,England,8100000,9900000,1,20,1697,0,592,0,2,0,0,1,8,0,0,46,0,0,0,3,0,0,0,0,19,39,18,0,43,0,0,94,50,25
980,Matthew Lowton,3,1989,28,Burnley,England,2250000,4500000,1,26,2295,0,823,3,1,0,1,0,1,1,0,55,0,0,0,0,1,0,0,71,15,39,19,0,55,0,0,112,0,29
979,Matthew Lowton,2,1989,27,Burnley,England,1350000,2250000,1,36,3240,0,1084,2,9,0,0,0,6,2,0,96,0,0,0,0,4,1,0,115,28,65,34,0,101,0,0,176,53,37
978,Matthew Lowton,4,1989,29,Burnley,England,4500000,4500000,1,21,1748,0,638,0,7,0,2,0,4,1,0,34,0,0,0,0,3,3,0,58,7,29,22,0,56,1,0,71,26,13
1233,Ryan Shawcross,3,1987,30,Stoke City,England,9900000,9000000,1,27,2372,1,665,1,2,0,0,1,24,8,1,135,1,0,0,4,0,16,0,0,23,40,26,3,36,1,1,215,154,79
901,Mamadou Sakho,3,1990,27,Crystal Palace,France,13500000,13500000,1,19,1600,1,739,2,1,0,1,1,1,1,1,61,0,0,0,0,1,0,0,0,11,30,3,1,21,1,0,99,41,35
974,Matteo Darmian,2,1989,26,Manchester United,Italy,13500000,10800000,1,18,1333,0,595,0,3,0,3,3,2,0,0,26,0,0,0,1,0,0,1,19,2,39,19,0,42,0,0,71,25,14
916,Marc Muniesa,2,1992,24,Stoke City,Spain,3500000,3000000,1,10,648,0,308,0,2,0,3,0,6,3,1,17,0,0,0,0,0,0,0,8,5,23,9,0,21,0,0,31,11,9
973,Matt Targett,4,1995,22,Southampton,England,6300000,6300000,1,16,1187,0,443,3,2,0,3,2,11,3,0,10,0,0,0,1,2,8,20,77,3,27,6,0,27,0,0,31,17,22
972,Matt Targett,1,1995,19,Southampton,England,1800000,2700000,1,14,1069,0,404,0,1,0,1,5,3,2,0,16,0,0,0,0,1,0,0,44,0,26,4,0,20,0,0,33,16,13
475,Federico Fernández,4,1989,29,Newcastle United,Argentina,7200000,6300000,1,19,1482,0,611,1,0,0,2,2,4,1,0,55,0,0,0,1,0,3,0,5,12,25,12,0,16,0,0,102,38,31
476,Federico Fernández,3,1989,28,Swansea City,Argentina,8100000,7200000,1,30,2677,1,1210,1,5,0,0,1,4,4,0,123,1,0,0,2,0,0,0,4,27,38,29,0,40,0,1,198,72,63
1341,Sylvain Distin,1,1977,37,AFC Bournemouth,France,675000,675000,1,12,842,0,450,0,0,0,3,0,2,0,0,23,0,0,0,1,0,0,0,0,4,24,3,0,19,0,0,47,33,19
468,Fabinho,4,1993,24,Liverpool,Brazil,40500000,45000000,1,28,2012,0,1610,2,6,0,7,3,17,4,0,11,0,0,0,0,2,13,0,10,6,28,29,0,59,0,0,26,56,40
723,John Stones,2,1994,22,Manchester City,England,25200000,31500000,1,27,2013,0,1464,0,1,0,4,3,13,2,0,63,0,0,0,0,0,3,0,0,14,39,8,0,26,3,0,115,49,27
724,John Stones,1,1994,21,Everton,England,11700000,25200000,1,33,2779,0,1566,0,3,0,2,2,8,1,0,80,0,0,0,0,1,0,0,4,34,56,11,0,46,3,0,127,53,30
725,John Stones,3,1994,23,Manchester City,England,31500000,45000000,1,18,1306,0,1246,0,0,0,2,5,11,4,1,21,0,0,0,0,0,7,0,1,5,19,6,0,15,0,0,41,0,11
959,Martin Skrtel,1,1984,31,Liverpool,Slovakia,11700000,9000000,1,22,1886,1,1173,0,5,0,1,1,10,3,0,71,0,0,0,0,0,0,0,0,20,41,21,0,23,0,0,147,58,29
960,Marvin Zeegelaar,3,1990,27,Watford,Netherlands,3300000,2750000,1,12,995,0,422,1,4,1,0,1,0,0,0,13,0,0,0,0,1,0,1,38,1,20,17,0,23,0,0,25,13,8
961,Mason Holgate,2,1996,19,Everton,England,900000,4500000,1,18,1371,0,643,1,2,0,2,3,6,3,0,44,0,0,0,0,0,0,0,48,5,21,12,0,41,0,0,67,33,26
962,Mason Holgate,3,1996,21,Everton,England,4500000,6300000,1,15,1183,0,475,0,3,0,2,0,2,2,1,44,0,0,0,0,0,0,0,12,9,23,12,0,23,1,0,82,0,41
1234,Ryan Shawcross,2,1987,28,Stoke City,England,9900000,9900000,1,35,3150,1,996,1,6,0,0,0,20,7,1,135,0,0,0,2,0,0,0,1,32,58,34,0,46,2,2,227,129,73
966,Matt Doherty,4,1992,26,Wolves,Ireland,2250000,13500000,1,38,3147,4,1399,5,5,0,3,6,46,18,1,63,2,0,0,3,3,28,0,62,7,60,30,0,67,0,1,84,145,103
474,Federico Fernández,1,1989,26,Swansea City,Argentina,8100000,8100000,1,32,2880,1,1697,1,3,0,0,0,17,0,1,137,0,0,0,2,2,2,0,2,23,80,31,0,58,1,2,217,87,60
